resources/om10_varqso.ecsv
# %ECSV 1.0
# ---
# datatype:
# - {name: LENSID, datatype: int32}
# - {name: FLAGTYPE, datatype: int16}
# - {name: NIMG, datatype: int16}
# - {name: ZLENS, datatype: float64}
# - {name: VELDISP, datatype: float64}
# - {name: ELLIP, datatype: float64}
# - {name: PHIE, datatype: float64}
# - {name: GAMMA, datatype: float64}
# - {name: PHIG, datatype: float64}
# - {name: ZSRC, datatype: float64}
# - {name: XSRC, datatype: float64}
# - {name: YSRC, datatype: float64}
# - {name: MAGI_IN, datatype: float64}
# - {name: MAGI, datatype: float64}
# - {name: IMSEP, datatype: float64}
# - {name: XIMG, datatype: string, subtype: 'float64[4]'}
# - {name: YIMG, datatype: string, subtype: 'float64[4]'}
# - {name: MAG, datatype: string, subtype: 'float64[4]'}
# - {name: DELAY, datatype: string, subtype: 'float64[4]'}
# - {name: KAPPA, datatype: string, subtype: 'float64[4]'}
# - {name: FSTAR, datatype: string, subtype: 'float64[4]'}
# - {name: DD, datatype: float64}
# - {name: DDLUM, datatype: float64}
# - {name: ABMAG_I, datatype: float64}
# - {name: APMAG_I, datatype: float64}
# - {name: KCORR, datatype: float64}
# - {name: DS, datatype: float64}
# - {name: DDS, datatype: float64}
# - {name: SIGCRIT, datatype: float64}
# - {name: DSLUM, datatype: float64}
# - {name: L_I, datatype: float64}
# - {name: REFF, datatype: float64}
# - {name: REFF_T, datatype: float64}
# - {name: col33.weight, datatype: float32}
# - {name: VAR, datatype: float64}
# - {name: LSSTerr, datatype: float64}
# meta: !!omap
# - __serialized_columns__:
#     col33:
#       __class__: astropy.table.column.Column
#       data: !astropy.table.SerializedColumn
#         weight: !astropy.table.SerializedColumn {name: col33.weight}
# schema: astropy-2.0
LENSID FLAGTYPE NIMG ZLENS VELDISP ELLIP PHIE GAMMA PHIG ZSRC XSRC YSRC MAGI_IN MAGI IMSEP XIMG YIMG MAG DELAY KAPPA FSTAR DD DDLUM ABMAG_I APMAG_I KCORR DS DDS SIGCRIT DSLUM L_I REFF REFF_T col33.weight VAR LSSTerr
[from data line 527]
4469935 0 2 0.464 214.783 0.2181885 -49.00375 0.03557722 -73.66419 1.65 -0.1666798 -0.1422831 21.33 20.96802 1.542934 [0.4423,-0.4434,0.0,0.0] [0.3517,-0.9117,0.0,0.0] [-1.3957,8.9816,0.0,0.0] [27.199,0.0,0.0,0.0] [0.0,0.0,0.0,0.0] [0.0,0.0,0.0,0.0] 1208.66199 2590.52026 -22.6232796 19.9076557 0.463999987 1747.15 1079.42 0.0 12269.4 0.0 0.0 0.0 1.0 0.033301307042250615 0.015348301313075944
4573080 0 2 0.468 214.783 0.2569106 2.351096 0.03588451 95.01708 1.1 0.1481556 -0.1144027 19.73 18.75841 1.316774 [0.7491,-0.2948,0.0,0.0] [-0.418,0.3846,0.0,0.0] [3.7327,-2.447,0.0,0.0] [0.0,25.153,0.0,0.0] [0.0,0.0,0.0,0.0] [0.0,0.0,0.0,0.0] 1214.47327 2617.21875 -22.6262798 19.9309196 0.467999995 1685.75 836.773 0.0 7434.16 0.0 0.0 0.0 1.0 0.029997378729171964 0.0033930984673169805
4736966 0 4 0.474 298.5383 0.6317744 77.01594 0.1344713 -47.49408 1.37 0.4370214 0.1179281 22.47 21.64742 3.152905 [1.1266,1.6759,-0.8266,0.8123] [-1.5142,-0.3805,0.0294,1.623] [2.8262,-2.1332,-0.5327,2.6091] [23.216,35.417,128.427,0.0] [0.0,0.0,0.0,0.0] [0.0,0.0,0.0,0.0] 1223.0636 2657.32104 -23.4944992 19.1017208 0.474000007 1736.45 975.773 0.0 9753.47 0.0 0.0 0.0 1.0 0.04652127544472769 0.02676242797534682
4780821 0 2 0.476 203.7042 0.3082468 172.805 0.07912903 -120.3987 1.16 0.2082309 0.2481286 19.83 20.01659 1.279007 [-0.1446,0.7164,0.0,0.0] [-0.2534,0.6924,0.0,0.0] [-0.8421,2.4341,0.0,0.0] [41.117,0.0,0.0,0.0] [0.0,0.0,0.0,0.0] [0.0,0.0,0.0,0.0] 1225.91333 2670.74561 -22.4933605 20.1158009 0.476000011 1701.61 863.899 0.0 7939.03 0.0 0.0 0.0 1.0 0.029737273545214354 0.007540238327257847
4992231 0 2 0.484 187.4995 0.3433984 73.53961 0.0394728 -8.26777 3.01 0.2581709 0.1918122 18.93 18.63285 1.451721 [-0.3859,0.7651,0.0,0.0] [-0.1487,0.736,0.0,0.0] [-1.3148,2.5759,0.0,0.0] [34.174,0.0,0.0,0.0] [0.0,0.0,0.0,0.0] [0.0,0.0,0.0,0.0] 1237.17273 2724.5708 -22.2819195 20.3785706 0.483999997 1587.31 1129.46 0.0 25524.1 0.0 0.0 0.0 1.0 0.014750455676502159 0.003158173571672641
5044595 0 2 0.486 180.7174 0.3137164 149.248 0.03046107 68.78398 1.14 -0.114674 -0.1026744 19.93 19.76139 0.8906773 [-0.5348,0.1952,0.0,0.0] [-0.2893,0.221,0.0,0.0] [5.6099,-1.168,0.0,0.0] [0.0,14.417,0.0,0.0] [0.0,0.0,0.0,0.0] [0.0,0.0,0.0,0.0] 1239.94214 2738.0354 -22.186779 20.4864159 0.486000001 1696.68 835.675 0.0 7770.12 0.0 0.0 0.0 1.0 0.0306409189632104 0.006330692210337871
5100859 0 2 0.488 184.0772 0.4211944 159.5425 0.03662426 85.86938 2.12 0.2952249 0.1122447 20.33 20.54441 1.232731 [-0.2465,0.944,0.0,0.0] [-0.198,0.1219,0.0,0.0] [-0.8208,2.4214,0.0,0.0] [32.232,0.0,0.0,0.0] [0.0,0.0,0.0,0.0] [0.0,0.0,0.0,0.0] 1242.70996 2751.53882 -22.236599 20.4492798 0.488000005 1714.19 1121.52 0.0 16686.6 0.0 0.0 0.0 1.0 0.023695469162147462 0.01106231429832627
5116279 0 2 0.488 312.6079 0.463403 44.87666 0.02637442 -83.5121 0.95 -0.2795573 -0.4279069 21.39 20.6462 2.543823 [-1.0546,0.1343,0.0,0.0] [-1.4785,0.7704,0.0,0.0] [1.9839,-3.5872,0.0,0.0] [0.0,161.852,0.0,0.0] [0.0,0.0,0.0,0.0] [0.0,0.0,0.0,0.0] 1242.70996 2751.53882 -23.6257992 19.0600796 0.488000005 1630.91 682.623 0.0 6201.54 0.0 0.0 0.0 1.0 0.045612276182692084 0.011949625821179142
5226395 0 4 0.492 266.0725 0.148111 -177.3991 0.03701638 -146.9679 4.54 -0.008085073 -0.09478273 22.19 20.13469 3.063354 [0.6835,-1.4113,-0.2016,1.5811] [-1.3979,-0.9488,1.3767,-0.2933] [-10.5088,6.6393,-4.0984,10.2194] [9.36,0.0,27.141,6.899] [0.0,0.0,0.0,0.0] [0.0,0.0,0.0,0.0] 1248.20056 2778.57422 -23.2059975 19.5051117 0.492000014 1356.87 1020.72 0.0 41644.5 0.0 0.0 0.0 1.0 0.023094232442315517 0.008194811603044496
5260884 0 2 0.494 165.9587 0.3169289 -27.58282 0.04577282 151.3496 1.56 0.2204777 -0.0576656 20.27 19.52281 1.013388 [0.7072,-0.2703,0.0,0.0] [-0.2634,0.0039,0.0,0.0] [1.9901,-2.0487,0.0,0.0] [0.0,20.706,0.0,0.0] [0.0,0.0,0.0,0.0] [0.0,0.0,0.0,0.0] 1250.92871 2792.11768 -21.9693012 20.7543678 0.493999988 1747.15 1017.12 0.0 11450.1 0.0 0.0 0.0 1.0 0.027658078307116515 0.005409434061624146
5499198 0 4 0.502 195.8845 0.3509129 -115.0802 0.1253432 85.43059 1.89 0.1291641 -0.1199888 22.85 21.92307 1.475871 [0.0801,-0.3868,0.6963,0.6099] [-0.9614,0.1993,0.1279,0.4161] [2.3484,-0.8379,-6.9263,7.647] [0.0,25.507,10.988,10.826] [0.0,0.0,0.0,0.0] [0.0,0.0,0.0,0.0] 1261.72412 2846.45459 -22.4101791 20.3633423 0.501999974 1735.9 1080.15 0.0 14498.4 0.0 0.0 0.0 1.0 0.04217373078622419 0.03382498310779081
5508406 0 2 0.502 243.2204 0.1932068 -166.7713 0.05336291 -101.5277 2.45 0.2624773 0.3250383 22.61 21.67272 2.414961 [-0.4035,1.0473,0.0,0.0] [-0.6679,1.2627,0.0,0.0] [-2.3709,2.991,0.0,0.0] [78.07,0.0,0.0,0.0] [0.0,0.0,0.0,0.0] [0.0,0.0,0.0,0.0] 1261.72412 2846.45459 -22.9779377 19.7955837 0.501999974 1672.07 1122.76 0.0 19901.8 0.0 0.0 0.0 1.0 0.03489905115593522 0.027339009243030985
5626406 0 4 0.506 271.6439 0.5979659 22.75208 0.03927611 -37.59936 2.87 0.1846432 -0.2671638 22.55 21.72625 3.142675 [0.3978,-1.0743,1.8698,-0.3976] [-1.5565,-1.269,-0.1696,0.8913] [-2.1355,3.2698,2.4153,-0.6613] [34.139,22.273,0.0,95.145] [0.0,0.0,0.0,0.0] [0.0,0.0,0.0,0.0] 1267.03711 2873.68604 -23.2708588 19.527338 0.505999982 1609.21 1116.15 0.0 24101.0 0.0 0.0 0.0 1.0 0.03167052093161364 0.028603792077623976
5793059 0 2 0.512 200.4472 0.2355896 85.59659 0.03659566 81.33958 1.49 0.1402223 -0.120942 21.23 20.82262 1.220261 [0.3575,-0.3982,0.0,0.0] [-0.7711,0.187,0.0,0.0] [3.3662,-1.4553,0.0,0.0] [0.0,24.205,0.0,0.0] [0.0,0.0,0.0,0.0] [0.0,0.0,0.0,0.0] 1274.92236 2914.65649 -22.4780807 20.3568554 0.512000024 1745.02 970.848 0.0 10819.3 0.0 0.0 0.0 1.0 0.03449876061201103 0.013691198942414499
5798131 0 2 0.512 220.8005 0.3179764 123.4841 0.02340222 169.2917 1.86 0.05179041 0.4668543 20.09 20.40903 1.693655 [-0.1291,-0.1427,0.0,0.0] [-0.3673,1.3263,0.0,0.0] [-0.7454,2.4286,0.0,0.0] [71.234,0.0,0.0,0.0] [0.0,0.0,0.0,0.0] [0.0,0.0,0.0,0.0] 1274.92236 2914.65649 -22.73176 20.1031761 0.512000024 1738.05 1064.03 0.0 14216.6 0.0 0.0 0.0 1.0 0.02422278469657696 0.00999924163691218
5844334 0 2 0.514 175.7924 0.3368104 152.0648 0.05414217 -18.15619 1.8 -0.1794049 -0.02416649 20.09 19.72135 1.068899 [-0.7747,0.2916,0.0,0.0] [0.1286,0.2031,0.0,0.0] [2.2634,-1.4043,0.0,0.0] [0.0,19.958,0.0,0.0] [0.0,0.0,0.0,0.0] [0.0,0.0,0.0,0.0] 1277.53003 2928.34912 -22.1353016 20.711813 0.513999999 1741.78 1051.0 0.0 13655.6 0.0 0.0 0.0 1.0 0.02465879094785945 0.006163234643226642
5918868 0 2 0.516 230.1442 0.1371298 -37.36257 0.04340541 -128.312 1.78 0.2244885 -0.3535922 19.87 19.59639 1.837576 [0.6897,-0.2584,0.0,0.0] [-1.1303,0.4438,0.0,0.0] [3.2251,-1.2866,0.0,0.0] [0.0,67.926,0.0,0.0] [0.0,0.0,0.0,0.0] [0.0,0.0,0.0,0.0] 1280.11353 2942.02856 -22.8434772 20.0157585 0.515999973 1742.86 1044.78 0.0 13469.5 0.0 0.0 0.0 1.0 0.02372005423162995 0.0056746922318234826
6093105 0 2 0.522 195.8845 0.3288337 23.99127 0.06276094 151.8016 2.0 -0.2598749 -0.2004427 21.45 21.07465 1.391884 [-0.936,0.2366,0.0,0.0] [-0.4527,0.2972,0.0,0.0] [2.3112,-1.413,0.0,0.0] [0.0,40.816,0.0,0.0] [0.0,0.0,0.0,0.0] [0.0,0.0,0.0,0.0] 1287.84375 2983.26978 -22.4251804 20.4702816 0.522000015 1726.56 1073.19 0.0 15539.0 0.0 0.0 0.0 1.0 0.030734996801871264 0.016708983500977034
6105816 0 2 0.522 304.7895 0.241428 -32.86864 0.05056064 -20.3645 1.8 0.8222062 -0.7865845 20.07 20.48809 3.510554 [2.3212,-0.3761,0.0,0.0] [-1.8201,0.4268,0.0,0.0] [1.8702,-0.6804,0.0,0.0] [0.0,358.683,0.0,0.0] [0.0,0.0,0.0,0.0] [0.0,0.0,0.0,0.0] 1287.84375 2983.26978 -23.5848598 19.3106022 0.522000015 1741.78 1041.75 0.0 13655.6 0.0 0.0 0.0 1.0 0.024558359363477836 0.010604623916081654
6333077 0 2 0.53 177.0109 0.05789384 98.86876 0.02958373 46.12318 0.89 0.05592321 0.126929 21.49 21.04342 0.652768 [-0.0773,0.1973,0.0,0.0] [-0.1674,0.4248,0.0,0.0] [-1.5088,2.9003,0.0,0.0] [14.23,0.0,0.0,0.0] [0.0,0.0,0.0,0.0] [0.0,0.0,0.0,0.0] 1297.9574 3038.38843 -22.1654167 20.7778015 0.529999971 1601.79 551.065 0.0 5721.75 0.0 0.0 0.0 1.0 0.04824359261381001 0.016296827608395896
6350255 0 2 0.53 244.3431 0.311358 45.19451 0.03428902 -39.59196 2.22 -0.6707186 -0.3406587 20.91 21.33803 2.266662 [-1.6401,0.3742,0.0,0.0] [-0.9001,0.1393,0.0,0.0] [2.0867,-0.6742,0.0,0.0] [0.0,145.497,0.0,0.0] [0.0,0.0,0.0,0.0] [0.0,0.0,0.0,0.0] 1297.9574 3038.38843 -23.0110188 19.9321995 0.529999971 1702.46 1085.73 0.0 17651.8 0.0 0.0 0.0 1.0 0.0260162417428957 0.020689870555325646
6404884 0 2 0.532 203.7042 0.4474209 -102.9305 0.03132225 -152.9393 1.64 0.1051606 0.3625171 22.85 22.1715 1.496804 [0.3534,-0.1065,0.0,0.0] [1.0691,-0.3553,0.0,0.0] [1.8681,-2.4456,0.0,0.0] [0.0,54.004,0.0,0.0] [0.0,0.0,0.0,0.0] [0.0,0.0,0.0,0.0] 1300.44543 3052.17676 -22.5353603 20.4196873 0.532000005 1747.31 992.661 0.0 12178.1 0.0 0.0 0.0 1.0 0.04556204362207551 0.04191319621775388
6660820 0 2 0.54 212.8139 0.1462134 103.6662 0.02230684 8.325019 2.23 -0.04470541 0.1431611 22.33 20.5693 1.689665 [0.2122,-0.3027,0.0,0.0] [-0.6649,0.9444,0.0,0.0] [-7.1453,5.0615,0.0,0.0] [22.049,0.0,0.0,0.0] [0.0,0.0,0.0,0.0] [0.0,0.0,0.0,0.0] 1310.33289 3107.58521 -22.6561203 20.3459969 0.540000021 1701.2 1076.46 0.0 17748.4 0.0 0.0 0.0 1.0 0.034676617917998594 0.011271952281071366
6907996 0 2 0.548 178.6488 0.5570648 -10.04356 0.04279679 -85.79049 2.19 0.1608172 -0.09292867 22.15 21.54869 1.123121 [0.7539,-0.1114,0.0,0.0] [-0.3088,0.4072,0.0,0.0] [2.0898,-1.7399,0.0,0.0] [0.0,22.752,0.0,0.0] [0.0,0.0,0.0,0.0] [0.0,0.0,0.0,0.0] 1320.04834 3163.23706 -22.2030792 20.8455811 0.547999978 1706.11 1065.53 0.0 17361.5 0.0 0.0 0.0 1.0 0.03375408046576606 0.024635612727216396
6980972 0 4 0.55 198.6095 0.5171375 35.52112 0.02984363 -168.1694 1.81 0.1195946 -0.05670991 22.97 22.04367 1.434422 [-0.3324,0.2341,0.8243,-0.3028] [-0.6247,-0.6326,0.2236,0.3447] [3.879,-2.6967,2.3471,-0.857] [9.837,11.543,0.0,23.771] [0.0,0.0,0.0,0.0] [0.0,0.0,0.0,0.0] 1322.44678 3177.17822 -22.48242 20.5777874 0.550000012 1741.22 1011.76 0.0 13748.8 0.0 0.0 0.0 1.0 0.04424788868749061 0.03752173676601298
7121763 0 4 0.554 231.7395 0.5722508 78.66612 0.08666996 -58.20622 1.76 -0.08780695 0.138608 21.37 20.59854 2.05707 [-0.2872,-0.8113,0.6309,-0.1995] [-0.8514,-0.1412,-0.1794,1.2038] [3.4531,-2.0533,-0.8619,2.0351] [28.383,33.308,47.763,0.0] [0.0,0.0,0.0,0.0] [0.0,0.0,0.0,0.0] 1327.20374 3205.08569 -22.8901005 20.1930981 0.55400002 1743.85 996.576 0.0 13284.0 0.0 0.0 0.0 1.0 0.032412795156463566 0.011524199328498267
7229155 0 2 0.558 158.1248 0.2623017 175.5752 0.04429205 -95.09489 1.74 -0.1123502 -0.01331884 21.69 20.32334 0.8283504 [-0.5224,0.2973,0.0,0.0] [-0.0422,0.0772,0.0,0.0] [3.521,-4.2606,0.0,0.0] [0.0,9.428,0.0,0.0] [0.0,0.0,0.0,0.0] [0.0,0.0,0.0,0.0] 1331.91577 3233.04492 -21.8904591 21.215601 0.558000028 1744.62 987.278 0.0 13097.9 0.0 0.0 0.0 1.0 0.034816919744633294 0.009388768296134815
7245938 0 2 0.558 194.536 0.2164235 34.0812 0.05897954 -122.7986 1.02 -0.01338362 0.07608778 23.17 22.48403 0.7698546 [0.1514,0.2003,0.0,0.0] [-0.2844,0.4839,0.0,0.0] [-1.881,3.6304,0.0,0.0] [11.284,0.0,0.0,0.0] [0.0,0.0,0.0,0.0] [0.0,0.0,0.0,0.0] 1331.91577 3233.04492 -22.4340611 20.671999 0.558000028 1659.46 632.171 0.0 6771.26 0.0 0.0 0.0 1.0 0.06308331511783932 0.05509290989768117
7254270 0 2 0.558 225.4239 0.4588273 64.99211 0.08049065 90.75593 2.18 0.3032833 0.5758499 21.93 21.80183 2.099266 [0.629,-0.2059,0.0,0.0] [1.6312,-0.2949,0.0,0.0] [1.6062,-1.1253,0.0,0.0] [0.0,126.139,0.0,0.0] [0.0,0.0,0.0,0.0] [0.0,0.0,0.0,0.0] 1331.91577 3233.04492 -22.8206196 20.2854404 0.558000028 1707.32 1054.77 0.0 17265.1 0.0 0.0 0.0 1.0 0.03235199486308546 0.030498351932167107
7391836 0 2 0.562 239.8833 0.1470225 80.845 0.0421984 60.94786 1.17 -0.08008966 0.2979197 21.57 21.12421 1.489249 [0.1832,-0.0778,0.0,0.0] [-0.394,1.0722,0.0,0.0] [-1.5077,2.6989,0.0,0.0] [61.728,0.0,0.0,0.0] [0.0,0.0,0.0,0.0] [0.0,0.0,0.0,0.0] 1336.60071 3261.09717 -22.9867001 20.1421185 0.561999977 1704.0 741.893 0.0 8023.97 0.0 0.0 0.0 1.0 0.04221380087204 0.01738738697564981
7522651 0 2 0.566 211.3489 0.4069782 147.9027 0.0334629 94.34037 1.62 0.3621331 -0.1966425 21.71 21.25882 1.499479 [0.9727,-0.3166,0.0,0.0] [-0.6361,0.1295,0.0,0.0] [1.9203,-1.5152,0.0,0.0] [0.0,65.766,0.0,0.0] [0.0,0.0,0.0,0.0] [0.0,0.0,0.0,0.0] 1341.24475 3289.20947 -22.6574993 20.4939575 0.565999985 1747.46 945.789 0.0 11995.3 0.0 0.0 0.0 1.0 0.03634839871046954 0.019391207980732083
7792083 0 2 0.574 188.3649 0.1833065 60.82059 0.01749327 -49.28114 1.83 -0.01092824 0.1361785 22.89 21.45229 1.182216 [0.1516,0.0365,0.0,0.0] [-0.4377,0.7389,0.0,0.0] [-3.7591,3.9856,0.0,0.0] [17.086,0.0,0.0,0.0] [0.0,0.0,0.0,0.0] [0.0,0.0,0.0,0.0] 1350.36792 3345.50391 -22.3614998 20.8348064 0.574000001 1740.0 988.944 0.0 13935.5 0.0 0.0 0.0 1.0 0.04327202537020332 0.022735870551223163
8143696 0 2 0.584 181.9701 0.228496 155.674 0.08076935 44.59582 1.34 0.2185797 -0.01607946 22.69 22.27274 0.9362562 [-0.2475,0.6886,0.0,0.0] [0.0122,0.0293,0.0,0.0] [-1.4686,2.5542,0.0,0.0] [25.702,0.0,0.0,0.0] [0.0,0.0,0.0,0.0] [0.0,0.0,0.0,0.0] 1361.56702 3416.2478 -22.2784004 20.9733467 0.583999991 1733.2 811.523 0.0 9490.31 0.0 0.0 0.0 1.0 0.04925064097382382 0.04577588518220301
8300450 0 2 0.588 218.7762 0.04773985 4.238191 0.05962163 -74.82563 2.44 -0.1120117 -0.2852774 22.11 21.43785 1.779057 [-0.25,0.2464,0.0,0.0] [-1.1904,0.518,0.0,0.0] [3.5016,-1.8572,0.0,0.0] [0.0,52.354,0.0,0.0] [0.0,0.0,0.0,0.0] [0.0,0.0,0.0,0.0] 1365.98022 3444.65283 -22.7646008 20.5091248 0.588 1673.45 1042.88 0.0 19802.9 0.0 0.0 0.0 1.0 0.03158359740958817 0.022465403322134148
8303987 0 2 0.588 235.5049 0.2585084 95.97897 0.09530451 -3.49068 1.48 0.01594607 0.08407059 23.53 21.5104 1.487761 [-0.3041,-0.1089,0.0,0.0] [-0.6278,0.8471,0.0,0.0] [-6.4245,10.2267,0.0,0.0] [16.276,0.0,0.0,0.0] [0.0,0.0,0.0,0.0] [0.0,0.0,0.0,0.0] 1365.98022 3444.65283 -22.95788 20.3158455 0.588 1744.56 869.891 0.0 10729.7 0.0 0.0 0.0 1.0 0.05536471801223652 0.023860992185111226
8454762 0 4 0.592 302.6913 0.3896921 174.3971 0.05430179 -42.43144 1.57 -0.2340025 -0.01484607 22.27 21.24045 3.008457 [0.3385,1.1185,-1.7196,0.625] [-1.2248,-0.6932,0.3048,0.9192] [-4.0932,6.2771,2.5812,-2.2944] [81.142,77.242,0.0,97.145] [0.0,0.0,0.0,0.0] [0.0,0.0,0.0,0.0] 1370.33618 3473.06763 -23.6192398 19.6763268 0.592000008 1747.27 898.41 0.0 11540.5 0.0 0.0 0.0 1.0 0.041452573272718625 0.01910313544377048
8596338 0 2 0.596 233.3458 0.09736037 -115.11 0.06802801 -19.98245 1.21 0.08526194 -0.09372182 21.53 19.87696 1.376416 [0.6633,-0.3218,0.0,0.0] [-0.5076,0.4537,0.0,0.0] [5.0924,-4.5837,0.0,0.0] [0.0,25.371,0.0,0.0] [0.0,0.0,0.0,0.0] [0.0,0.0,0.0,0.0] 1374.64807 3501.52539 -22.9397202 20.3775673 0.596000016 1712.65 719.915 0.0 8364.75 0.0 0.0 0.0 1.0 0.041106022854722986 0.006846483331789909
8819107 0 2 0.602 238.7811 0.1254987 154.1703 0.0326396 -134.4396 2.8 0.0456777 -0.3041294 22.25 21.45218 2.109461 [0.2163,-0.0659,0.0,0.0] [-1.3422,0.7483,0.0,0.0] [5.3795,-2.0851,0.0,0.0] [0.0,61.272,0.0,0.0] [0.0,0.0,0.0,0.0] [0.0,0.0,0.0,0.0] 1381.04993 3544.33203 -23.0046196 20.3450508 0.601999998 1620.04 1037.81 0.0 23393.4 0.0 0.0 0.0 1.0 0.030185845495288226 0.02273379673070602
8973055 0 2 0.606 273.5269 0.218253 43.69067 0.07055769 -142.7422 2.23 -0.546248 -0.4929614 20.67 20.15058 2.91616 [-1.6948,0.4929,0.0,0.0] [-1.4789,0.4493,0.0,0.0] [1.9369,-1.6135,0.0,0.0] [0.0,218.959,0.0,0.0] [0.0,0.0,0.0,0.0] [0.0,0.0,0.0,0.0] 1385.28674 3572.9812 -23.3639812 20.0071735 0.606000006 1701.2 1012.42 0.0 17748.4 0.0 0.0 0.0 1.0 0.024712982339670092 0.008288045527539145
9035257 0 4 0.608 199.5262 0.3163791 -133.9959 0.08245981 103.6898 2.66 0.1412354 -0.0513347 25.01 22.43334 1.369368 [-0.48,0.487,0.6569,0.7955] [0.2347,-0.7109,-0.5286,0.1445] [-1.631,21.9188,-28.4348,10.7316] [20.228,0.514,0.557,0.0] [0.0,0.0,0.0,0.0] [0.0,0.0,0.0,0.0] 1387.38586 3587.31372 -22.5379982 20.8438473 0.60799998 1641.38 1031.84 0.0 21987.3 0.0 0.0 0.0 1.0 0.05449135005222326 0.05269008177652912
