resources/om10_varqso.ecsv
# %ECSV 1.0
# ---
# datatype:
# - {name: LENSID, datatype: int32}
# - {name: FLAGTYPE, datatype: int16}
# - {name: NIMG, datatype: int16}
# - {name: ZLENS, datatype: float64}
# - {name: VELDISP, datatype: float64}
# - {name: ELLIP, datatype: float64}
# - {name: PHIE, datatype: float64}
# - {name: GAMMA, datatype: float64}
# - {name: PHIG, datatype: float64}
# - {name: ZSRC, datatype: float64}
# - {name: XSRC, datatype: float64}
# - {name: YSRC, datatype: float64}
# - {name: MAGI_IN, datatype: float64}
# - {name: MAGI, datatype: float64}
# - {name: IMSEP, datatype: float64}
# - {name: XIMG, datatype: string, subtype: 'float64[4]'}
# - {name: YIMG, datatype: string, subtype: 'float64[4]'}
# - {name: MAG, datatype: string, subtype: 'float64[4]'}
# - {name: DELAY, datatype: string, subtype: 'float64[4]'}
# - {name: KAPPA, datatype: string, subtype: 'float64[4]'}
# - {name: FSTAR, datatype: string, subtype: 'float64[4]'}
# - {name: DD, datatype: float64}
# - {name: DDLUM, datatype: float64}
# - {name: ABMAG_I, datatype: float64}
# - {name: APMAG_I, datatype: float64}
# - {name: KCORR, datatype: float64}
# - {name: DS, datatype: float64}
# - {name: DDS, datatype: float64}
# - {name: SIGCRIT, datatype: float64}
# - {name: DSLUM, datatype: float64}
# - {name: L_I, datatype: float64}
# - {name: REFF, datatype: float64}
# - {name: REFF_T, datatype: float64}
# - {name: col33.weight, datatype: float32}
# - {name: VAR, datatype: float64}
# - {name: LSSTerr, datatype: float64}
# meta: !!omap
# - __serialized_columns__:
#     col33:
#       __class__: astropy.table.column.Column
#       data: !astropy.table.SerializedColumn
#         weight: !astropy.table.SerializedColumn {name: col33.weight}
# schema: astropy-2.0
LENSID FLAGTYPE NIMG ZLENS VELDISP ELLIP PHIE GAMMA PHIG ZSRC XSRC YSRC MAGI_IN MAGI IMSEP XIMG YIMG MAG DELAY KAPPA FSTAR DD DDLUM ABMAG_I APMAG_I KCORR DS DDS SIGCRIT DSLUM L_I REFF REFF_T col33.weight VAR LSSTerr
[from data line 5190]
7568361 0 2 0.568 145.5459 0.1324914 -162.1709 0.06154415 -2.620862 2.27 -0.1214841 0.03971919 22.57 21.60259 0.8033452 [0.2259,-0.5445,0.0,0.0] [-0.1456,0.0821,0.0,0.0] [-2.4376,2.7295,0.0,0.0] [9.962,0.0,0.0,0.0] [0.0,0.0,0.0,0.0] [0.0,0.0,0.0,0.0] 1343.53613 3303.25049 -21.6805191 21.4821892 0.568000019 1696.29 1052.05 0.0 18138.3 0.0 0.0 0.0 1.0 0.03606817007033156 0.025772922194051587
7869194 0 2 0.576 187.4995 0.1541272 -158.5259 0.06865308 21.86659 0.97 -0.1370946 -0.08331572 21.95 21.09237 0.7691601 [-0.4964,0.1686,0.0,0.0] [-0.2566,0.1299,0.0,0.0] [2.2032,-2.2051,0.0,0.0] [0.0,21.223,0.0,0.0] [0.0,0.0,0.0,0.0] [0.0,0.0,0.0,0.0] 1352.62744 3359.62329 -22.3509178 20.856535 0.575999975 1639.64 557.541 0.0 6363.28 0.0 0.0 0.0 1.0 0.05055395623257476 0.016948062328163052
7876639 0 4 0.576 207.9697 0.3778451 -135.9143 0.1938063 85.30789 1.64 -0.1038398 0.01362018 23.13 22.29015 1.667785 [-0.4625,0.4291,-0.5553,0.0649] [-0.7276,-0.1846,0.3389,0.8546] [2.5409,-1.0268,-2.1674,2.7313] [0.0,22.143,10.25,3.758] [0.0,0.0,0.0,0.0] [0.0,0.0,0.0,0.0] 1352.62744 3359.62329 -22.6227188 20.584734 0.575999975 1747.31 939.836 0.0 12178.1 0.0 0.0 0.0 1.0 0.04824109918035208 0.04647708644462849
8082265 0 2 0.582 187.0682 0.2889336 161.6113 0.06347352 71.40058 1.42 0.02806798 -0.1124424 22.61 21.62971 0.9854056 [0.239,-0.0139,0.0,0.0] [-0.5687,0.3837,0.0,0.0] [5.255,-2.4667,0.0,0.0] [0.0,14.197,0.0,0.0] [0.0,0.0,0.0,0.0] [0.0,0.0,0.0,0.0] 1359.34216 3402.05811 -22.3493805 20.8913288 0.582000017 1740.9 852.276 0.0 10195.4 0.0 0.0 0.0 1.0 0.04693868992867441 0.02636667781773301
8099271 0 2 0.582 261.8183 0.2561151 77.79917 0.02553272 -70.67758 2.68 0.2359634 -0.189804 22.41 21.82529 2.408774 [0.707,-0.8552,0.0,0.0] [-1.4557,0.3778,0.0,0.0] [3.839,-1.7135,0.0,0.0] [0.0,76.602,0.0,0.0] [0.0,0.0,0.0,0.0] [0.0,0.0,0.0,0.0] 1359.34216 3402.05811 -23.2312202 20.0094891 0.582000017 1638.41 1054.04 0.0 22188.0 0.0 0.0 0.0 1.0 0.03192737728488708 0.03111357189096699
8219458 0 2 0.586 174.5822 0.4655682 133.0751 0.1327148 -136.8372 1.83 0.1190238 0.1152202 19.11 18.99787 1.023863 [-0.2327,0.4979,0.0,0.0] [-0.2211,0.4962,0.0,0.0] [-1.1088,8.1496,0.0,0.0] [17.849,0.0,0.0,0.0] [0.0,0.0,0.0,0.0] [0.0,0.0,0.0,0.0] 1363.77515 3430.43433 -22.1711788 21.091568 0.586000025 1740.0 975.704 0.0 13935.5 0.0 0.0 0.0 1.0 0.020008669766204176 0.003904496057835156
8223593 0 2 0.586 183.2314 0.3052213 -32.41997 0.07136355 -94.34389 2.17 0.07004083 -0.1342405 20.51 19.33909 1.225116 [0.3814,-0.0355,0.0,0.0] [-0.6814,0.4706,0.0,0.0] [2.9401,-5.0127,0.0,0.0] [0.0,18.936,0.0,0.0] [0.0,0.0,0.0,0.0] [0.0,0.0,0.0,0.0] 1363.77515 3430.43433 -22.2980213 20.9647255 0.586000025 1708.49 1026.17 0.0 17168.4 0.0 0.0 0.0 1.0 0.024273896362339318 0.004811515006205834
8425141 0 2 0.592 153.8155 0.2898731 -108.565 0.08604271 -11.41959 1.74 0.1882848 0.07222337 21.39 21.52867 0.7720069 [-0.1722,0.5603,0.0,0.0] [-0.0395,0.2043,0.0,0.0] [-0.8801,2.6497,0.0,0.0] [17.092,0.0,0.0,0.0] [0.0,0.0,0.0,0.0] [0.0,0.0,0.0,0.0] 1370.33618 3473.06763 -21.8434792 21.4520874 0.592000008 1744.62 948.428 0.0 13097.9 0.0 0.0 0.0 1.0 0.03274944298412353 0.024227227564105103
8738068 0 2 0.6 185.7804 0.2485595 116.4074 0.05820708 136.2822 1.92 -0.009750842 -0.2073095 20.03 19.59944 1.119641 [0.2068,0.1329,0.0,0.0] [-0.7868,0.3304,0.0,0.0] [2.5176,-1.4867,0.0,0.0] [0.0,27.326,0.0,0.0] [0.0,0.0,0.0,0.0] [0.0,0.0,0.0,0.0] 1378.92273 3530.04224 -22.344759 20.9941406 0.600000024 1733.58 978.009 0.0 14781.2 0.0 0.0 0.0 1.0 0.023518633860840663 0.005686032493344924
8960471 0 2 0.606 180.3018 0.4854289 179.4068 0.02832355 -59.95177 1.33 -0.07166158 0.0997063 21.07 21.1124 0.7760495 [0.0545,-0.5016,0.0,0.0] [-0.2708,0.2705,0.0,0.0] [-0.9617,2.4602,0.0,0.0] [16.63,0.0,0.0,0.0] [0.0,0.0,0.0,0.0] [0.0,0.0,0.0,0.0] 1385.28674 3572.9812 -22.2707386 21.1004162 0.606000006 1731.95 777.115 0.0 9402.58 0.0 0.0 0.0 1.0 0.035533041808249385 0.017222956921504846
9198572 0 4 0.612 203.7042 0.5029562 68.68953 0.0382942 -66.36536 1.86 -0.07072539 0.1109231 22.77 21.81649 1.368445 [-0.521,0.42,-0.66,-0.0131] [-0.4176,-0.2263,-0.0409,0.8531] [5.9067,-1.0256,-4.5304,2.4066] [13.823,26.928,14.407,0.0] [0.0,0.0,0.0,0.0] [0.0,0.0,0.0,0.0] 1391.53992 3615.97778 -22.5953598 20.8077698 0.611999989 1738.05 953.726 0.0 14216.6 0.0 0.0 0.0 1.0 0.04185328011944279 0.030881249132930784
9441973 0 4 0.618 272.8978 0.3898337 -9.336351 0.071339 -2.45877 2.59 0.1320157 -0.1480807 19.95 18.98952 3.043936 [-0.5042,1.6488,-1.3866,-0.06] [-1.1532,-0.4867,-0.2589,1.011] [-2.5482,2.4221,3.8079,-1.2922] [55.002,0.0,45.281,83.473] [0.0,0.0,0.0,0.0] [0.0,0.0,0.0,0.0] 1397.70654 3659.0896 -23.3669395 20.0679264 0.617999971 1651.86 1021.92 0.0 21289.3 0.0 0.0 0.0 1.0 0.019683906684713957 0.003885109018022174
9594362 0 2 0.622 238.7811 0.181216 -56.18602 0.03229091 4.204373 3.16 -0.1822879 0.3433877 21.07 20.14812 2.188841 [0.2664,-0.8306,0.0,0.0] [-0.6629,1.2312,0.0,0.0] [-2.3375,3.086,0.0,0.0] [82.044,0.0,0.0,0.0] [0.0,0.0,0.0,0.0] [0.0,0.0,0.0,0.0] 1401.77246 3687.90039 -23.019619 20.4362774 0.621999979 1563.61 1017.06 0.0 27059.2 0.0 0.0 0.0 1.0 0.02224416508135317 0.008273528115770881
9945359 0 4 0.632 140.9289 0.3612021 72.65312 0.04988169 128.5778 2.85 -0.004215579 -0.04395188 23.13 21.74299 0.7755084 [-0.0342,0.3119,-0.2835,0.0493] [-0.4314,0.0938,0.1741,0.3396] [3.2269,-4.6181,-3.5876,7.6303] [0.0,3.839,4.014,3.43] [0.0,0.0,0.0,0.0] [0.0,0.0,0.0,0.0] 1411.7915 3760.19922 -21.643961 21.8640938 0.632000029 1612.33 1013.88 0.0 23898.8 0.0 0.0 0.0 1.0 0.03578301665139706 0.029012192939699095
10234060 0 2 0.638 267.3006 0.1389051 -48.69472 0.05137038 -104.056 1.74 -0.2183058 0.3354101 22.43 21.57025 2.206546 [0.4217,-0.6611,0.0,0.0] [-0.5596,1.363,0.0,0.0] [-2.2075,2.9934,0.0,0.0] [109.511,0.0,0.0,0.0] [0.0,0.0,0.0,0.0] [0.0,0.0,0.0,0.0] 1417.67444 3803.68286 -23.3275795 20.2114429 0.638000011 1744.62 897.123 0.0 13097.9 0.0 0.0 0.0 1.0 0.04049209089408306 0.02508383435677121
10235165 0 4 0.638 289.068 0.2826364 -173.3311 0.03612067 -160.7967 2.1 -0.03798507 0.3103104 22.69 20.6804 2.502583 [0.1324,-1.1282,-0.4503,0.9183] [-0.9448,1.0947,1.489,1.3341] [-1.294,10.7901,-13.3199,6.3656] [93.016,3.93,4.921,0.0] [0.0,0.0,0.0,0.0] [0.0,0.0,0.0,0.0] 1417.67444 3803.68286 -23.5329399 20.0060825 0.638000011 1716.41 967.334 0.0 16494.7 0.0 0.0 0.0 1.0 0.03855119161256838 0.01226619361416904
10290192 0 2 0.64 177.0109 0.3524263 -24.40923 0.02371438 -81.76044 1.78 0.06526976 0.05440296 20.31 19.7778 0.8198712 [-0.2103,0.5496,0.0,0.0] [-0.2927,0.0151,0.0,0.0] [-1.6326,4.2257,0.0,0.0] [10.973,0.0,0.0,0.0] [0.0,0.0,0.0,0.0] [0.0,0.0,0.0,0.0] 1419.61902 3818.20703 -22.2479172 21.3013802 0.639999986 1742.86 905.384 0.0 13469.5 0.0 0.0 0.0 1.0 0.02594831179172739 0.006400942572168927
10310847 0 2 0.64 234.4229 0.2271554 11.89506 0.1164809 -38.88388 1.84 -0.3274485 0.2838941 21.87 21.66717 1.88316 [0.2775,-1.1918,0.0,0.0] [-0.3558,0.8221,0.0,0.0] [-1.2054,2.1322,0.0,0.0] [100.482,0.0,0.0,0.0] [0.0,0.0,0.0,0.0] [0.0,0.0,0.0,0.0] 1419.61902 3818.20703 -22.9847984 20.5644989 0.639999986 1739.41 919.626 0.0 14029.4 0.0 0.0 0.0 1.0 0.035036525079353543 0.027211382254667574
10391588 0 2 0.642 230.6747 0.4019427 127.7885 0.05297819 -69.3729 1.57 -0.1785344 -0.4059682 19.21 20.29067 1.431691 [-0.0405,0.1467,0.0,0.0] [-1.2147,0.2047,0.0,0.0] [2.1854,-0.3696,0.0,0.0] [0.0,89.954,0.0,0.0] [0.0,0.0,0.0,0.0] [0.0,0.0,0.0,0.0] 1421.54517 3832.71851 -22.9440193 20.6155148 0.64200002 1747.27 839.032 0.0 11540.5 0.0 0.0 0.0 1.0 0.022200866218831328 0.009167777981301367
11223527 0 2 0.662 224.3882 0.424611 -5.161514 0.03231908 73.2027 1.95 0.4874916 -0.1283265 21.75 21.71244 1.628179 [1.2835,-0.301,0.0,0.0] [-0.2488,0.1258,0.0,0.0] [1.9152,-1.0352,0.0,0.0] [0.0,101.7,0.0,0.0] [0.0,0.0,0.0,0.0] [0.0,0.0,0.0,0.0] 1440.40308 3978.74438 -22.8865395 20.7741909 0.662 1731.07 919.559 0.0 15064.6 0.0 0.0 0.0 1.0 0.03312731547798819 0.02827154811139191
11230970 0 2 0.662 284.4461 0.392446 108.5514 0.08877293 -111.2687 1.88 0.1193579 0.2344494 22.27 21.85644 2.337146 [-0.8225,0.2417,0.0,0.0] [-0.4262,1.6546,0.0,0.0] [-1.4636,2.3889,0.0,0.0] [108.052,0.0,0.0,0.0] [0.0,0.0,0.0,0.0] [0.0,0.0,0.0,0.0] 1440.40308 3978.74438 -23.5086594 20.152071 0.662 1736.63 905.4 0.0 14404.3 0.0 0.0 0.0 1.0 0.03757462586070877 0.03195114484191014
11486044 0 2 0.668 262.4219 0.1944631 -85.68911 0.0342433 -107.6726 1.29 0.1734373 -0.647487 20.13 21.5884 1.659718 [0.2723,-0.044,0.0,0.0] [-1.4893,0.14,0.0,0.0] [1.8606,-0.261,0.0,0.0] [0.0,187.72,0.0,0.0] [0.0,0.0,0.0,0.0] [0.0,0.0,0.0,0.0] 1445.91333 4022.85474 -23.3017597 20.3889122 0.667999983 1726.55 673.368 0.0 9054.2 0.0 0.0 0.0 1.0 0.029825920142208848 0.025468061217317022
11652985 0 2 0.672 229.0868 0.05438864 61.27547 0.04489117 78.88819 1.13 0.02853895 -0.1289449 23.79 22.53243 1.035943 [0.032,-0.1535,0.0,0.0] [-0.667,0.3522,0.0,0.0] [3.6266,-3.1844,0.0,0.0] [0.0,28.459,0.0,0.0] [0.0,0.0,0.0,0.0] [0.0,0.0,0.0,0.0] 1449.52356 4052.2644 -22.9484005 20.7620888 0.671999991 1694.09 556.248 0.0 7685.92 0.0 0.0 0.0 1.0 0.06768262813508834 0.057494065536930684
11706125 0 2 0.674 158.1248 0.2467209 -163.5634 0.03046643 -49.59246 2.15 0.04051183 -0.03546088 23.33 22.02968 0.7486821 [0.4427,-0.1573,0.0,0.0] [-0.1423,0.3055,0.0,0.0] [5.046,-3.3123,0.0,0.0] [0.0,5.951,0.0,0.0] [0.0,0.0,0.0,0.0] [0.0,0.0,0.0,0.0] 1451.3291 4067.02466 -21.977459 21.7429237 0.674000025 1710.76 939.484 0.0 16975.0 0.0 0.0 0.0 1.0 0.043374255074659814 0.03707164910635354
11872204 0 2 0.678 146.5548 0.156448 -151.2913 0.05021364 39.50158 1.99 -0.001475537 -0.1821216 20.77 21.22658 0.6531492 [-0.1279,-0.0149,0.0,0.0] [-0.5013,0.142,0.0,0.0] [2.7548,-0.6567,0.0,0.0] [0.0,15.34,0.0,0.0] [0.0,0.0,0.0,0.0] [0.0,0.0,0.0,0.0] 1454.87415 4096.46582 -21.7811394 21.9589062 0.677999973 1727.45 910.966 0.0 15443.6 0.0 0.0 0.0 1.0 0.026825986356003088 0.01888878856495013
11916229 0 2 0.678 237.1374 0.3851334 -74.95838 0.05690707 -135.5795 1.47 -0.2241352 0.524922 20.87 21.77054 1.47121 [-0.3666,0.0865,0.0,0.0] [1.2382,-0.1615,0.0,0.0] [1.8357,-0.4363,0.0,0.0] [0.0,129.516,0.0,0.0] [0.0,0.0,0.0,0.0] [0.0,0.0,0.0,0.0] 1454.87415 4096.46582 -23.043499 20.6965466 0.677999973 1744.08 755.713 0.0 10640.5 0.0 0.0 0.0 1.0 0.032292866808731405 0.029698086629084637
12135581 0 2 0.684 146.2177 0.422168 -31.40665 0.0643288 99.61128 1.55 0.1672377 -0.1358781 20.75 21.15445 0.61361 [0.3837,-0.0657,0.0,0.0] [-0.3592,0.0586,0.0,0.0] [1.7071,-0.689,0.0,0.0] [0.0,19.755,0.0,0.0] [0.0,0.0,0.0,0.0] [0.0,0.0,0.0,0.0] 1460.16064 4140.80566 -21.7796001 21.9898243 0.684000015 1746.98 782.697 0.0 11359.7 0.0 0.0 0.0 1.0 0.030611573109264358 0.017816511476692262
12244602 0 2 0.686 174.1807 0.2541506 10.91841 0.03604267 95.07764 1.91 -0.3275178 -0.09128144 20.77 21.57895 0.9213004 [-0.7586,0.1261,0.0,0.0] [-0.2194,0.0377,0.0,0.0] [2.0783,-0.4747,0.0,0.0] [0.0,41.188,0.0,0.0] [0.0,0.0,0.0,0.0] [0.0,0.0,0.0,0.0] 1461.90955 4155.61816 -22.240139 21.5390396 0.68599999 1734.34 887.332 0.0 14686.6 0.0 0.0 0.0 1.0 0.027430108304689386 0.025267215045173035
12541842 0 2 0.692 266.0725 0.4596254 32.42261 0.09015875 110.1061 1.95 0.3347412 0.1435752 23.05 21.99205 2.065285 [-0.7222,1.1957,0.0,0.0] [-0.025,0.7412,0.0,0.0] [-3.1434,2.6496,0.0,0.0] [104.349,0.0,0.0,0.0] [0.0,0.0,0.0,0.0] [0.0,0.0,0.0,0.0] 1467.10437 4200.12012 -23.3559971 20.4523106 0.691999972 1731.07 889.596 0.0 15064.6 0.0 0.0 0.0 1.0 0.043191083577260904 0.03588927844498005
12900435 0 4 0.7 236.592 0.347847 8.795907 0.04921299 7.288227 2.53 -0.04374985 0.1406701 20.71 19.38054 1.946858 [0.1311,-1.0615,0.8571,-0.055] [-0.6739,0.2744,0.6049,0.9621] [-1.2683,3.4024,4.0638,-3.7292] [39.756,0.0,5.332,11.088] [0.0,0.0,0.0,0.0] [0.0,0.0,0.0,0.0] 1473.88208 4259.51953 -23.0539608 20.7928429 0.699999988 1660.64 950.837 0.0 20693.1 0.0 0.0 0.0 1.0 0.023277143267841426 0.004938907095998097
12903443 0 2 0.7 255.2701 0.1615149 71.80995 0.05158961 -173.2134 1.43 0.1413589 -0.05579835 22.37 21.22092 1.548186 [0.9476,-0.5531,0.0,0.0] [-0.0969,0.2836,0.0,0.0] [6.7464,-2.8816,0.0,0.0] [0.0,40.717,0.0,0.0] [0.0,0.0,0.0,0.0] [0.0,0.0,0.0,0.0] 1473.88208 4259.51953 -23.2532787 20.5935249 0.699999988 1741.63 710.523 0.0 10284.2 0.0 0.0 0.0 1.0 0.0445238767720504 0.01880209051016961
13267444 0 2 0.708 238.7811 0.567087 -38.47584 0.03616354 -61.15882 2.28 -0.4626024 0.3708343 20.49 19.9924 2.118527 [0.3668,-1.2629,0.0,0.0] [-0.2604,1.0932,0.0,0.0] [-2.7091,1.5814,0.0,0.0] [159.361,0.0,0.0,0.0] [0.0,0.0,0.0,0.0] [0.0,0.0,0.0,0.0] 1480.55872 4319.18018 -23.0841198 20.8008862 0.708000004 1694.98 924.008 0.0 18235.3 0.0 0.0 0.0 1.0 0.02353776108501213 0.007414107023690232
13517813 0 2 0.714 171.3957 0.3509645 144.1099 0.1421538 12.65196 1.85 -0.1770269 0.00352936 22.51 21.76746 0.9534144 [-0.6908,0.2595,0.0,0.0] [0.0268,0.1038,0.0,0.0] [1.9816,-2.543,0.0,0.0] [0.0,25.116,0.0,0.0] [0.0,0.0,0.0,0.0] [0.0,0.0,0.0,0.0] 1485.48267 4364.04492 -22.2188587 21.6945877 0.713999987 1738.76 845.382 0.0 14123.1 0.0 0.0 0.0 1.0 0.03980684389149578 0.02962054490041936
13907178 0 2 0.722 192.3092 0.3003703 170.4248 0.07952776 17.7515 1.47 0.05594434 -0.06694395 22.37 21.93318 0.7586048 [0.5311,-0.0774,0.0,0.0] [-0.1466,0.3064,0.0,0.0] [2.9016,-1.4953,0.0,0.0] [0.0,16.157,0.0,0.0] [0.0,0.0,0.0,0.0] [0.0,0.0,0.0,0.0] 1491.92529 4423.98242 -22.5268593 21.4242077 0.722000003 1744.08 703.965 0.0 10640.5 0.0 0.0 0.0 1.0 0.04385698205769167 0.03411943441734139
14072295 0 2 0.726 155.2387 0.1957744 -125.1414 0.05222629 168.5601 1.89 0.07185962 0.18317 20.91 21.11558 0.6761658 [-0.0436,0.2439,0.0,0.0] [-0.1436,0.4684,0.0,0.0] [-0.8275,2.6064,0.0,0.0] [19.409,0.0,0.0,0.0] [0.0,0.0,0.0,0.0] [0.0,0.0,0.0,0.0] 1495.10364 4454.02783 -21.9681396 22.0016251 0.726000011 1735.9 842.973 0.0 14498.4 0.0 0.0 0.0 1.0 0.02838680077046528 0.017267059313896882
14112213 0 4 0.726 231.7395 0.5295813 83.03754 0.04954434 -169.2171 2.27 0.09847041 -0.03393391 22.83 21.85257 1.733631 [0.1346,0.8615,-0.642,0.5189] [-0.9194,-0.1129,0.1239,0.7711] [3.2938,-2.4602,-1.1625,3.3844] [0.0,11.949,32.557,2.76] [0.0,0.0,0.0,0.0] [0.0,0.0,0.0,0.0] 1495.10364 4454.02783 -23.0191002 20.9506645 0.726000011 1696.29 907.131 0.0 18138.3 0.0 0.0 0.0 1.0 0.0380334463403879 0.031845782624063054
14193222 0 4 0.728 193.1968 0.197603 -25.76099 0.07095604 179.5045 1.52 -0.03139328 -0.01801764 21.79 20.34843 0.975382 [0.0205,0.4108,-0.5316,0.1666] [-0.4293,-0.2249,0.0266,0.3506] [-5.1416,6.235,3.7725,-2.701] [5.599,4.496,0.0,9.039] [0.0,0.0,0.0,0.0] [0.0,0.0,0.0,0.0] 1496.68298 4469.0708 -22.5434399 21.435648 0.727999985 1746.23 719.935 0.0 11089.3 0.0 0.0 0.0 1.0 0.03825498574392937 0.009562807659624332
14491944 0 2 0.734 218.7762 0.417952 160.3984 0.02607186 85.06853 1.81 -0.2736271 0.1220731 19.77 18.9596 1.387918 [0.3522,-0.9019,0.0,0.0] [-0.1914,0.4032,0.0,0.0] [-3.3405,2.1094,0.0,0.0] [63.211,0.0,0.0,0.0] [0.0,0.0,0.0,0.0] [0.0,0.0,0.0,0.0] 1501.38062 4514.28516 -22.8741016 21.132843 0.734000027 1741.22 814.746 0.0 13748.8 0.0 0.0 0.0 1.0 0.023030532441301328 0.0038166195225798655
14976503 0 2 0.744 212.3244 0.1243336 93.8848 0.02891708 -116.5248 2.15 0.15161 0.145079 22.43 21.59961 1.366012 [-0.395,0.5358,0.0,0.0] [-0.2592,0.7406,0.0,0.0] [-2.1486,3.4879,0.0,0.0] [41.634,0.0,0.0,0.0] [0.0,0.0,0.0,0.0] [0.0,0.0,0.0,0.0] 1509.02576 4589.75635 -22.8030796 21.2498684 0.744000018 1710.76 875.288 0.0 16975.0 0.0 0.0 0.0 1.0 0.03609713589977856 0.02570857122323899
15480220 0 2 0.754 236.592 0.1920896 80.49683 0.06496107 -79.60934 1.77 0.171313 -0.4254136 21.63 21.85638 1.593533 [0.3422,-0.1525,0.0,0.0] [-1.2491,0.2657,0.0,0.0] [2.0059,-0.8118,0.0,0.0] [0.0,119.697,0.0,0.0] [0.0,0.0,0.0,0.0] [0.0,0.0,0.0,0.0] 1516.52502 4665.61328 -23.0944614 21.0040817 0.754000008 1743.38 783.097 0.0 13376.8 0.0 0.0 0.0 1.0 0.034073628232167245 0.03194950846800317
