resources/om10_varqso.ecsv
# %ECSV 1.0
# ---
# datatype:
# - {name: LENSID, datatype: int32}
# - {name: FLAGTYPE, datatype: int16}
# - {name: NIMG, datatype: int16}
# - {name: ZLENS, datatype: float64}
# - {name: VELDISP, datatype: float64}
# - {name: ELLIP, datatype: float64}
# - {name: PHIE, datatype: float64}
# - {name: GAMMA, datatype: float64}
# - {name: PHIG, datatype: float64}
# - {name: ZSRC, datatype: float64}
# - {name: XSRC, datatype: float64}
# - {name: YSRC, datatype: float64}
# - {name: MAGI_IN, datatype: float64}
# - {name: MAGI, datatype: float64}
# - {name: IMSEP, datatype: float64}
# - {name: XIMG, datatype: string, subtype: 'float64[4]'}
# - {name: YIMG, datatype: string, subtype: 'float64[4]'}
# - {name: MAG, datatype: string, subtype: 'float64[4]'}
# - {name: DELAY, datatype: string, subtype: 'float64[4]'}
# - {name: KAPPA, datatype: string, subtype: 'float64[4]'}
# - {name: FSTAR, datatype: string, subtype: 'float64[4]'}
# - {name: DD, datatype: float64}
# - {name: DDLUM, datatype: float64}
# - {name: ABMAG_I, datatype: float64}
# - {name: APMAG_I, datatype: float64}
# - {name: KCORR, datatype: float64}
# - {name: DS, datatype: float64}
# - {name: DDS, datatype: float64}
# - {name: SIGCRIT, datatype: float64}
# - {name: DSLUM, datatype: float64}
# - {name: L_I, datatype: float64}
# - {name: REFF, datatype: float64}
# - {name: REFF_T, datatype: float64}
# - {name: col33.weight, datatype: float32}
# - {name: VAR, datatype: float64}
# - {name: LSSTerr, datatype: float64}
# meta: !!omap
# - __serialized_columns__:
#     col33:
#       __class__: astropy.table.column.Column
#       data: !astropy.table.SerializedColumn
#         weight: !astropy.table.SerializedColumn {name: col33.weight}
# schema: astropy-2.0
LENSID FLAGTYPE NIMG ZLENS VELDISP ELLIP PHIE GAMMA PHIG ZSRC XSRC YSRC MAGI_IN MAGI IMSEP XIMG YIMG MAG DELAY KAPPA FSTAR DD DDLUM ABMAG_I APMAG_I KCORR DS DDS SIGCRIT DSLUM L_I REFF REFF_T col33.weight VAR LSSTerr
[from data line 5434]
9118497 0 2 0.61 205.5891 0.3564449 -50.68925 0.06397806 -124.0451 1.9 0.1322843 0.1284719 20.43 20.08456 1.320797 [-0.3676,0.3656,0.0,0.0] [-0.2992,0.7994,0.0,0.0] [-1.3746,5.59,0.0,0.0] [28.2,0.0,0.0,0.0] [0.0,0.0,0.0,0.0] [0.0,0.0,0.0,0.0] 1389.46313 3601.62744 -22.6180191 20.7744751 0.610000014 1735.11 963.717 0.0 14592.3 0.0 0.0 0.0 1.0 0.025664678931245404 0.007908872239208008
9130961 0 4 0.61 297.8516 0.2232623 127.519 0.1073746 -6.726358 2.24 0.09036956 -0.02317012 23.65 22.25542 3.457582 [-0.9072,1.7084,-1.4407,0.3243] [-1.0475,-0.6776,0.75,1.3459] [-3.1956,3.6127,5.3557,-3.8364] [54.836,0.0,32.742,48.655] [0.0,0.0,0.0,0.0] [0.0,0.0,0.0,0.0] 1389.46313 3601.62744 -23.5904598 19.8020344 0.610000014 1699.97 1009.53 0.0 17845.6 0.0 0.0 0.0 1.0 0.0452862115504646 0.045089345201954616
9269253 0 2 0.614 197.697 0.3059167 -38.61381 0.0673123 -132.5369 1.82 0.3605171 -0.09192664 21.69 21.88943 1.238109 [0.9501,-0.2587,0.0,0.0] [-0.2356,0.0322,0.0,0.0] [2.3865,-0.8322,0.0,0.0] [0.0,52.313,0.0,0.0] [0.0,0.0,0.0,0.0] [0.0,0.0,0.0,0.0] 1393.61633 3630.36523 -22.5183392 20.8954124 0.614000022 1740.61 942.982 0.0 13842.0 0.0 0.0 0.0 1.0 0.03397480923864899 0.032864632281900265
9594793 0 2 0.622 278.6121 0.5596279 -80.97168 0.04981544 -179.8666 1.53 -0.4170963 0.1284012 21.03 21.63064 2.00977 [0.5725,-1.1381,0.0,0.0] [-0.005,1.05,0.0,0.0] [-0.5751,2.474,0.0,0.0] [132.65,0.0,0.0,0.0] [0.0,0.0,0.0,0.0] [0.0,0.0,0.0,0.0] 1401.77246 3687.90039 -23.4242973 20.031599 0.621999979 1746.5 847.811 0.0 11179.2 0.0 0.0 0.0 1.0 0.032642390977199 0.026387300847696686
9658813 0 2 0.624 199.5262 0.2018827 53.52919 0.04491387 118.8693 1.92 -0.4579801 0.1071423 17.69 19.06092 1.245997 [-1.0554,0.1476,0.0,0.0] [0.2813,-0.0432,0.0,0.0] [2.7704,-0.2829,0.0,0.0] [0.0,66.307,0.0,0.0] [0.0,0.0,0.0,0.0] [0.0,0.0,0.0,0.0] 1403.79321 3702.33081 -22.5499992 20.916378 0.624000013 1733.58 952.843 0.0 14781.2 0.0 0.0 0.0 1.0 0.014589416854831339 0.004054854061212002
9990899 0 2 0.632 315.5005 0.109433 165.3192 0.03179691 -17.95539 2.03 0.729905 0.4289814 20.53 20.67089 3.259967 [-0.6299,2.3315,0.0,0.0] [-0.4621,0.9008,0.0,0.0] [-0.8783,2.7682,0.0,0.0] [314.534,0.0,0.0,0.0] [0.0,0.0,0.0,0.0] [0.0,0.0,0.0,0.0] 1411.7915 3760.19922 -23.7579613 19.7500935 0.632000029 1723.68 963.266 0.0 15824.9 0.0 0.0 0.0 1.0 0.025269286205436396 0.012177197195855057
10023575 0 2 0.634 143.8799 0.4591792 60.27288 0.06887272 100.5899 1.41 -0.0466305 0.1460855 18.33 18.93651 0.5591773 [0.0679,-0.0268,0.0,0.0] [-0.0897,0.4614,0.0,0.0] [-0.572,1.8815,0.0,0.0] [13.129,0.0,0.0,0.0] [0.0,0.0,0.0,0.0] [0.0,0.0,0.0,0.0] 1413.76733 3774.69702 -21.6998215 21.8185902 0.634000003 1740.08 781.535 0.0 10106.6 0.0 0.0 0.0 1.0 0.01967499781578291 0.003764791587899628
10050113 0 4 0.634 187.4995 0.6613586 109.6511 0.166165 -60.49071 1.42 0.1070518 0.04388837 19.67 20.01095 1.307749 [0.4198,0.4057,-0.1141,-0.2214] [-0.5402,0.1621,0.6536,-0.0859] [1.7051,-0.7305,1.7446,-0.2993] [0.0,11.999,0.698,22.879] [0.0,0.0,0.0,0.0] [0.0,0.0,0.0,0.0] 1413.76733 3774.69702 -22.3944187 21.1239929 0.634000003 1740.9 786.319 0.0 10195.4 0.0 0.0 0.0 1.0 0.02576226029523961 0.007510598162806843
10468427 0 2 0.644 229.6149 0.3400729 83.8086 0.02513745 -47.13629 4.03 0.3821662 0.175164 21.01 21.19222 1.913344 [-0.5457,1.0199,0.0,0.0] [-0.1252,0.9747,0.0,0.0] [-0.8455,3.4038,0.0,0.0] [81.742,0.0,0.0,0.0] [0.0,0.0,0.0,0.0] [0.0,0.0,0.0,0.0] 1423.47644 3847.28125 -22.9334393 20.6363297 0.643999994 1429.58 964.328 0.0 36169.7 0.0 0.0 0.0 1.0 0.019322087625162826 0.018369254065667324
10639129 0 4 0.648 281.8383 0.2938751 -11.0435 0.04809188 164.8727 1.34 0.1053965 -0.0669683 20.75 19.59128 2.136881 [1.1483,-0.9604,-0.0914,-0.5424] [-0.375,-0.0291,0.8169,-0.7187] [2.9073,6.178,-2.4184,-4.2867] [0.0,38.406,52.661,42.027] [0.0,0.0,0.0,0.0] [0.0,0.0,0.0,0.0] 1427.31519 3876.45093 -23.473999 20.1161728 0.648000002 1733.2 727.979 0.0 9490.31 0.0 0.0 0.0 1.0 0.033150212626333476 0.00565575550312429
10639332 0 2 0.648 286.4178 0.3118072 -66.17089 0.04464826 -0.7019985 2.29 0.1678222 -0.09307052 21.35 19.98139 2.579298 [1.2072,-1.196,0.0,0.0] [-1.1044,-0.1677,0.0,0.0] [3.8162,-3.5273,0.0,0.0] [0.0,70.426,0.0,0.0] [0.0,0.0,0.0,0.0] [0.0,0.0,0.0,0.0] 1427.31519 3876.45093 -23.5162792 20.0738926 0.648000002 1693.71 978.75 0.0 18332.9 0.0 0.0 0.0 1.0 0.02798674207158937 0.007357550685592289
11310844 0 2 0.664 268.5344 0.2929997 -35.99043 0.09259233 150.2138 1.64 0.220541 -0.02653244 19.49 18.92576 1.92232 [1.2788,-0.6362,0.0,0.0] [-0.5783,-0.4107,0.0,0.0] [2.3225,-1.6815,0.0,0.0] [0.0,80.967,0.0,0.0] [0.0,0.0,0.0,0.0] [0.0,0.0,0.0,0.0] 1442.2522 3993.44653 -23.3591595 20.3115807 0.663999975 1747.31 838.258 0.0 12178.1 0.0 0.0 0.0 1.0 0.02295277465009844 0.003740961515085262
11477138 0 2 0.668 233.8837 0.3542819 -126.6465 0.04347065 -7.207836 2.65 -4.855028e-05 -0.2238808 20.53 19.83237 1.726524 [-0.4465,-0.2977,0.0,0.0] [-1.0866,0.6335,0.0,0.0] [3.3178,-1.9013,0.0,0.0] [0.0,51.413,0.0,0.0] [0.0,0.0,0.0,0.0] [0.0,0.0,0.0,0.0] 1445.91333 4022.85474 -22.9997597 20.6909122 0.667999983 1642.88 982.117 0.0 21887.3 0.0 0.0 0.0 1.0 0.02188672552114927 0.006641565862993649
11712932 0 4 0.674 175.7924 0.424228 -109.9286 0.03340999 -76.72926 3.42 0.1887078 -0.05422698 21.41 19.56567 1.021994 [0.4357,-0.3047,0.6735,0.6838] [-0.5835,0.0933,0.2015,-0.1662] [5.4668,-0.6875,7.4748,-9.4866] [0.0,21.571,0.395,0.689] [0.0,0.0,0.0,0.0] [0.0,0.0,0.0,0.0] 1451.3291 4067.02466 -22.2553024 21.4650803 0.674000025 1522.69 973.021 0.0 29747.9 0.0 0.0 0.0 1.0 0.022862165545228772 0.005562023057748913
11913627 0 4 0.678 246.6039 0.6594033 93.56779 0.06518052 -73.57473 2.35 -0.2658694 -0.2876866 21.53 20.95688 2.384121 [-0.276,-1.0111,0.4865,-0.7857] [-1.5605,0.2893,0.1374,0.7685] [1.6953,-2.6249,-0.401,3.8923] [0.0,74.919,125.694,73.165] [0.0,0.0,0.0,0.0] [0.0,0.0,0.0,0.0] 1454.87415 4096.46582 -23.1461792 20.5938663 0.677999973 1685.82 957.078 0.0 18919.1 0.0 0.0 0.0 1.0 0.02863170671680465 0.015213542868159843
12166154 0 2 0.684 203.7042 0.3070097 116.802 0.05413298 11.36325 1.66 -0.1081384 0.07728127 20.55 19.21735 1.149368 [-0.5545,0.4472,0.0,0.0] [0.4582,-0.1054,0.0,0.0] [3.4124,-4.7568,0.0,0.0] [0.0,22.769,0.0,0.0] [0.0,0.0,0.0,0.0] [0.0,0.0,0.0,0.0] 1460.16064 4140.80566 -22.6493607 21.1200638 0.684000015 1746.99 822.59 0.0 12361.0 0.0 0.0 0.0 1.0 0.028307740353489957 0.004460364490545858
12180585 0 4 0.684 277.332 0.4544112 72.76511 0.06547819 69.76597 1.97 0.02838301 -0.3011019 22.15 21.39206 2.625309 [-0.3046,1.0017,-0.6446,0.7955] [-1.643,0.3206,0.523,0.7407] [2.0099,-5.6382,-1.2737,7.3079] [0.0,96.335,122.023,95.579] [0.0,0.0,0.0,0.0] [0.0,0.0,0.0,0.0] 1460.16064 4140.80566 -23.4587212 20.3107033 0.684000015 1729.3 901.379 0.0 15254.0 0.0 0.0 0.0 1.0 0.03574624724006818 0.021630879917161488
12256139 0 2 0.686 207.0141 0.3619797 102.049 0.05183964 -13.12829 3.69 -0.07194591 0.2264252 21.63 20.5709 1.675821 [-0.3989,0.1168,0.0,0.0] [1.0004,-0.5941,0.0,0.0] [2.6524,-8.7397,0.0,0.0] [0.0,41.885,0.0,0.0] [0.0,0.0,0.0,0.0] [0.0,0.0,0.0,0.0] 1461.90955 4155.61816 -22.6931381 21.0860405 0.68599999 1480.79 955.248 0.0 32571.6 0.0 0.0 0.0 1.0 0.02297012129353148 0.011285586914946176
12805660 0 2 0.698 247.1724 0.2020987 109.2127 0.0379196 15.62104 1.32 -0.1329123 -0.05065112 22.49 21.4542 1.354738 [-0.7788,0.4944,0.0,0.0] [-0.2731,0.1898,0.0,0.0] [9.0383,-2.5961,0.0,0.0] [0.0,34.804,0.0,0.0] [0.0,0.0,0.0,0.0] [0.0,0.0,0.0,0.0] 1472.18433 4244.60742 -23.1672192 20.6699677 0.698000014 1730.69 653.208 0.0 9315.27 0.0 0.0 0.0 1.0 0.04767273865918235 0.022771912764493845
12844812 0 2 0.7 141.2538 0.3100844 8.04049 0.03168023 -146.3894 1.99 -0.04083866 -0.03853225 19.57 18.6745 0.558774 [-0.3417,0.0463,0.0,0.0] [-0.1667,0.2354,0.0,0.0] [2.9314,-2.2814,0.0,0.0] [0.0,5.485,0.0,0.0] [0.0,0.0,0.0,0.0] [0.0,0.0,0.0,0.0] 1473.88208 4259.51953 -21.7009983 22.1458054 0.699999988 1727.45 889.454 0.0 15443.6 0.0 0.0 0.0 1.0 0.020999549617335644 0.0032338041084180543
13162373 0 2 0.706 209.894 0.3450048 6.883621 0.03496212 118.2796 1.71 -0.07624642 -0.257296 21.07 21.40532 1.126072 [-0.398,0.044,0.0,0.0] [-0.738,0.2977,0.0,0.0] [4.1036,-0.7343,0.0,0.0] [0.0,45.963,0.0,0.0] [0.0,0.0,0.0,0.0] [0.0,0.0,0.0,0.0] 1478.89307 4304.22314 -22.744381 21.1310921 0.70599997 1745.75 814.753 0.0 12821.0 0.0 0.0 0.0 1.0 0.030971125837698052 0.021868976420902984
13261162 0 2 0.708 232.2737 0.1317308 -101.4145 0.04047066 -179.948 2.06 0.4203344 -0.04537375 20.83 20.96768 1.679349 [1.2779,-0.3959,0.0,0.0] [-0.0844,0.052,0.0,0.0] [2.9829,-0.8809,0.0,0.0] [0.0,94.412,0.0,0.0] [0.0,0.0,0.0,0.0] [0.0,0.0,0.0,0.0] 1480.55872 4319.18018 -23.0116405 20.8733654 0.708000004 1720.62 894.22 0.0 16111.2 0.0 0.0 0.0 1.0 0.026651948551381324 0.015344168379566205
13453588 0 2 0.712 306.9022 0.1806031 -13.60686 0.05050788 129.928 2.14 0.6723405 -0.498737 21.83 21.72474 3.124618 [1.9729,-0.5175,0.0,0.0] [-1.436,0.4511,0.0,0.0] [2.1469,-1.1018,0.0,0.0] [0.0,344.677,0.0,0.0] [0.0,0.0,0.0,0.0] [0.0,0.0,0.0,0.0] 1483.86145 4349.11475 -23.7454796 20.1585236 0.712000012 1711.93 902.897 0.0 16878.9 0.0 0.0 0.0 1.0 0.03201786956853521 0.02856725954332422
13531582 0 2 0.714 207.0141 0.1913588 -168.7275 0.01972282 169.8661 1.42 -0.1291292 -0.01675253 21.65 20.43102 1.048971 [-0.6525,0.3889,0.0,0.0] [-0.0757,0.0501,0.0,0.0] [3.0732,-7.6982,0.0,0.0] [0.0,23.974,0.0,0.0] [0.0,0.0,0.0,0.0] [0.0,0.0,0.0,0.0] 1485.48267 4364.04492 -22.714138 21.1993084 0.713999987 1740.9 688.789 0.0 10195.4 0.0 0.0 0.0 1.0 0.038588188787546385 0.010163426404291897
13537850 0 2 0.714 225.4239 0.5097431 121.4258 0.06810682 -98.2863 1.31 0.2161107 -0.4546718 19.51 20.6743 1.234633 [0.4216,-0.037,0.0,0.0] [-1.0564,0.0899,0.0,0.0] [1.5139,-0.3422,0.0,0.0] [0.0,118.751,0.0,0.0] [0.0,0.0,0.0,0.0] [0.0,0.0,0.0,0.0] 1485.48267 4364.04492 -22.9376183 20.9758282 0.713999987 1729.39 627.177 0.0 9228.2 0.0 0.0 0.0 1.0 0.026060661454476216 0.01220902209412528
13540162 0 2 0.714 234.9633 0.3728675 -49.25369 0.04887166 107.2786 2.02 -0.09803928 -0.361123 21.01 21.39138 1.5968 [0.1324,0.2123,0.0,0.0] [-1.2451,0.3497,0.0,0.0] [2.2952,-0.7038,0.0,0.0] [0.0,90.346,0.0,0.0] [0.0,0.0,0.0,0.0] [0.0,0.0,0.0,0.0] 1485.48267 4364.04492 -23.046339 20.8671074 0.713999987 1724.69 881.602 0.0 15729.9 0.0 0.0 0.0 1.0 0.027944091340844537 0.021618747109377195
14204393 0 4 0.728 241.5461 0.548837 -142.564 0.08807446 -0.9807444 2.1 -0.1049134 0.3443854 21.19 20.10127 1.66547 [0.1847,-1.0585,-0.7553,0.4793] [-0.3506,0.4026,0.7789,1.0421] [-0.4118,4.6643,-4.3045,2.7258] [84.505,13.647,14.944,0.0] [0.0,0.0,0.0,0.0] [0.0,0.0,0.0,0.0] 1496.68298 4469.0708 -23.1293201 20.8497677 0.727999985 1716.41 882.135 0.0 16494.7 0.0 0.0 0.0 1.0 0.02838609571659507 0.008002823638199014
14281683 0 2 0.73 189.2344 0.3696686 100.9434 0.04077019 -155.6265 1.62 -0.07032664 0.07272193 23.27 22.35362 0.836796 [0.3317,-0.2488,0.0,0.0] [-0.105,0.4977,0.0,0.0] [-2.3257,3.3287,0.0,0.0] [16.439,0.0,0.0,0.0] [0.0,0.0,0.0,0.0] [0.0,0.0,0.0,0.0] 1498.24988 4484.1123 -22.4905815 21.4978008 0.730000019 1747.46 758.161 0.0 11995.3 0.0 0.0 0.0 1.0 0.04997291793431269 0.04913047625131399
14353497 0 4 0.732 154.5254 0.09902185 -169.0467 0.1060536 -172.1848 2.02 -0.01495123 0.09995391 21.89 18.64905 0.6272512 [0.0335,0.1238,-0.2359,-0.0616] [-0.2197,0.3937,0.3398,0.4003] [-1.1585,19.7869,19.8275,-36.3641] [9.001,0.0,0.0,0.03] [0.0,0.0,0.0,0.0] [0.0,0.0,0.0,0.0] 1499.81482 4499.18018 -21.9605598 22.0371075 0.731999993 1724.69 864.529 0.0 15729.9 0.0 0.0 0.0 1.0 0.03344081479129646 0.0031873280989965377
14398133 0 4 0.732 253.5129 0.5245091 -172.4786 0.1529308 44.97123 3.6 -0.2515322 0.5135902 22.37 21.10818 2.299769 [0.1336,-1.4004,-0.3499,0.6923] [-0.4053,0.5645,1.4361,1.5182] [-0.3063,3.3463,-3.7122,3.1969] [132.668,0.0,10.412,3.325] [0.0,0.0,0.0,0.0] [0.0,0.0,0.0,0.0] 1499.81482 4499.18018 -23.2591591 20.7385082 0.731999993 1494.67 929.959 0.0 31627.2 0.0 0.0 0.0 1.0 0.0270648313721571 0.017164626523565
14692389 0 2 0.738 311.1716 0.06865192 96.13977 0.08809994 123.5694 1.81 -0.2514503 0.1770429 20.95 19.71031 2.706775 [1.01,-1.1807,0.0,0.0] [-0.2483,1.3415,0.0,0.0] [-3.1946,3.1324,0.0,0.0] [141.725,0.0,0.0,0.0] [0.0,0.0,0.0,0.0] [0.0,0.0,0.0,0.0] 1504.46204 4544.44385 -23.801218 20.2241859 0.737999976 1741.22 810.703 0.0 13748.8 0.0 0.0 0.0 1.0 0.029300650875849866 0.006118027792173427
14730663 0 2 0.74 142.2329 0.4974732 -139.5254 0.03620818 -69.62614 2.39 0.1623195 0.04409311 21.29 21.25255 0.6342942 [-0.1572,0.4453,0.0,0.0] [0.0225,0.2208,0.0,0.0] [-1.0351,1.9906,0.0,0.0] [15.256,0.0,0.0,0.0] [0.0,0.0,0.0,0.0] [0.0,0.0,0.0,0.0] 1505.9696 4559.47363 -21.7491207 22.2854538 0.74000001 1680.37 907.394 0.0 19311.0 0.0 0.0 0.0 1.0 0.027016714805043602 0.01929234369365343
14785539 0 2 0.74 247.1724 0.2770801 64.52472 0.07918363 -100.6793 2.77 -0.091895 -0.280255 20.31 19.43506 2.234505 [-0.4526,-0.1873,0.0,0.0] [-1.4123,0.8064,0.0,0.0] [2.2386,-8.7201,0.0,0.0] [0.0,86.52,0.0,0.0] [0.0,0.0,0.0,0.0] [0.0,0.0,0.0,0.0] 1505.9696 4559.47363 -23.198719 20.8358555 0.74000001 1624.72 929.659 0.0 23092.0 0.0 0.0 0.0 1.0 0.020434934815597314 0.005112947139936722
14787659 0 4 0.74 264.85 0.3158909 -22.03925 0.03411752 -41.67546 3.53 -0.0263552 -0.2048803 22.37 20.93684 2.357497 [0.9206,0.3111,-0.9217,-1.2929] [-1.1762,0.9018,-0.9503,-0.3649] [3.7434,-1.5413,-8.65,8.9984] [0.0,71.493,20.24,19.164] [0.0,0.0,0.0,0.0] [0.0,0.0,0.0,0.0] 1505.9696 4559.47363 -23.379921 20.6546535 0.74000001 1505.53 927.077 0.0 30894.8 0.0 0.0 0.0 1.0 0.02734727758867263 0.014974496827401255
14873794 0 4 0.742 211.3489 0.3360996 -163.3971 0.03187651 120.075 1.7 -0.005929585 0.03041624 21.99 20.20225 1.162385 [0.1196,-0.6067,0.5303,-0.1405] [-0.5071,0.0463,0.2879,0.5676] [-2.9585,5.6332,5.7168,-5.1892] [9.014,0.098,0.0,3.475] [0.0,0.0,0.0,0.0] [0.0,0.0,0.0,0.0] 1507.50574 4574.62256 -22.7894993 21.2542782 0.741999984 1746.06 773.444 0.0 12728.8 0.0 0.0 0.0 1.0 0.03748673351822646 0.008600187857905776
14963606 0 2 0.744 192.7525 0.3317671 -46.58791 0.06448524 -142.4519 3.52 -0.04344845 0.158394 22.59 21.35548 1.277713 [-0.0414,-0.3393,0.0,0.0] [-0.5022,0.7403,0.0,0.0] [-3.1175,3.8282,0.0,0.0] [26.18,0.0,0.0,0.0] [0.0,0.0,0.0,0.0] [0.0,0.0,0.0,0.0] 1509.02576 4589.75635 -22.5494003 21.5035477 0.744000018 1507.13 924.884 0.0 30791.3 0.0 0.0 0.0 1.0 0.028645511515244956 0.020988747270978568
15171474 0 2 0.748 218.273 0.165378 -132.4528 0.05745624 101.8199 2.42 -0.06837504 0.1474552 22.37 21.21184 1.509136 [0.3796,-0.17,0.0,0.0] [-0.4586,0.9469,0.0,0.0] [-2.9058,4.1118,0.0,0.0] [35.48,0.0,0.0,0.0] [0.0,0.0,0.0,0.0] [0.0,0.0,0.0,0.0] 1512.03418 4620.02686 -22.8785591 21.1926632 0.748000026 1676.25 903.438 0.0 19606.1 0.0 0.0 0.0 1.0 0.033452238149874004 0.01866393191089754
15276785 0 2 0.75 245.4709 0.3144209 -141.5187 0.06399301 -27.33124 1.58 -0.08651454 0.03915154 22.11 20.9838 1.351469 [0.4157,-0.8563,0.0,0.0] [-0.4651,-0.0085,0.0,0.0] [-2.8215,4.3251,0.0,0.0] [29.482,0.0,0.0,0.0] [0.0,0.0,0.0,0.0] [0.0,0.0,0.0,0.0] 1513.54126 4635.22021 -23.1880989 20.8922539 0.75 1747.38 720.75 0.0 11631.3 0.0 0.0 0.0 1.0 0.03998194281393592 0.015541516490885
15280613 0 2 0.75 282.488 0.4577224 -164.4132 0.06572214 130.4822 2.36 -0.1546639 -0.162128 21.23 20.57649 2.10549 [-1.3898,0.1119,0.0,0.0] [-0.516,0.9598,0.0,0.0] [3.0023,-1.8256,0.0,0.0] [0.0,93.162,0.0,0.0] [0.0,0.0,0.0,0.0] [0.0,0.0,0.0,0.0] 1513.54126 4635.22021 -23.5565395 20.5238132 0.75 1684.45 896.151 0.0 19016.8 0.0 0.0 0.0 1.0 0.026870119120902317 0.011333374741528993
