resources/om10_varqso.ecsv
# %ECSV 1.0
# ---
# datatype:
# - {name: LENSID, datatype: int32}
# - {name: FLAGTYPE, datatype: int16}
# - {name: NIMG, datatype: int16}
# - {name: ZLENS, datatype: float64}
# - {name: VELDISP, datatype: float64}
# - {name: ELLIP, datatype: float64}
# - {name: PHIE, datatype: float64}
# - {name: GAMMA, datatype: float64}
# - {name: PHIG, datatype: float64}
# - {name: ZSRC, datatype: float64}
# - {name: XSRC, datatype: float64}
# - {name: YSRC, datatype: float64}
# - {name: MAGI_IN, datatype: float64}
# - {name: MAGI, datatype: float64}
# - {name: IMSEP, datatype: float64}
# - {name: XIMG, datatype: string, subtype: 'float64[4]'}
# - {name: YIMG, datatype: string, subtype: 'float64[4]'}
# - {name: MAG, datatype: string, subtype: 'float64[4]'}
# - {name: DELAY, datatype: string, subtype: 'float64[4]'}
# - {name: KAPPA, datatype: string, subtype: 'float64[4]'}
# - {name: FSTAR, datatype: string, subtype: 'float64[4]'}
# - {name: DD, datatype: float64}
# - {name: DDLUM, datatype: float64}
# - {name: ABMAG_I, datatype: float64}
# - {name: APMAG_I, datatype: float64}
# - {name: KCORR, datatype: float64}
# - {name: DS, datatype: float64}
# - {name: DDS, datatype: float64}
# - {name: SIGCRIT, datatype: float64}
# - {name: DSLUM, datatype: float64}
# - {name: L_I, datatype: float64}
# - {name: REFF, datatype: float64}
# - {name: REFF_T, datatype: float64}
# - {name: col33.weight, datatype: float32}
# - {name: VAR, datatype: float64}
# - {name: LSSTerr, datatype: float64}
# meta: !!omap
# - __serialized_columns__:
#     col33:
#       __class__: astropy.table.column.Column
#       data: !astropy.table.SerializedColumn
#         weight: !astropy.table.SerializedColumn {name: col33.weight}
# schema: astropy-2.0
LENSID FLAGTYPE NIMG ZLENS VELDISP ELLIP PHIE GAMMA PHIG ZSRC XSRC YSRC MAGI_IN MAGI IMSEP XIMG YIMG MAG DELAY KAPPA FSTAR DD DDLUM ABMAG_I APMAG_I KCORR DS DDS SIGCRIT DSLUM L_I REFF REFF_T col33.weight VAR LSSTerr
[from data line 1418]
796868 0 2 0.248 190.1078 0.4264098 89.20843 0.02298055 -46.01954 1.06 0.164421 -0.5365589 21.57 22.0964 1.601134 [0.33,-0.1061,0.0,0.0] [-1.3345,0.2061,0.0,0.0] [1.7276,-0.6158,0.0,0.0] [0.0,34.834,0.0,0.0] [0.0,0.0,0.0,0.0] [0.0,0.0,0.0,0.0] 801.717834 1248.67883 -22.141161 18.5890923 0.247999996 1673.38 1187.68 0.0 7101.16 0.0 0.0 0.0 1.0 0.04456210738190441 0.03927103977078904
827805 0 2 0.252 147.2313 0.2637768 84.75414 0.02872401 107.0752 1.85 -0.202945 0.09111844 19.75 20.03886 0.9499882 [0.2422,-0.5316,0.0,0.0] [-0.0731,0.478,0.0,0.0] [-0.7664,3.4468,0.0,0.0] [7.645,0.0,0.0,0.0] [0.0,0.0,0.0,0.0] [0.0,0.0,0.0,0.0] 811.226501 1271.60071 -21.4737206 19.3000355 0.252000004 1738.76 1382.39 0.0 14123.1 0.0 0.0 0.0 1.0 0.0226653588038825 0.007658674236516711
883490 0 2 0.258 139.9587 0.08852187 37.21505 0.02834999 116.0592 2.38 -0.01449683 0.07870431 23.87 22.10922 0.948403 [0.1006,-0.0787,0.0,0.0] [-0.3801,0.5512,0.0,0.0] [-5.0619,6.2968,0.0,0.0] [2.636,0.0,0.0,0.0] [0.0,0.0,0.0,0.0] [0.0,0.0,0.0,0.0] 825.314453 1306.11304 -21.3453407 19.4925632 0.257999986 1681.73 1374.56 0.0 19212.8 0.0 0.0 0.0 1.0 0.04584129822014062 0.03970928108691847
895432 0 2 0.258 280.5434 0.6261645 -83.97481 0.05280402 -60.97882 1.13 -0.0217349 0.8452256 22.63 22.13576 3.628691 [-0.613,-0.362,0.0,0.0] [-0.7873,2.8327,0.0,0.0] [-2.1503,1.5765,0.0,0.0] [135.139,0.0,0.0,0.0] [0.0,0.0,0.0,0.0] [0.0,0.0,0.0,0.0] 825.314453 1306.11304 -23.1694183 17.6684856 0.257999986 1694.09 1206.65 0.0 7685.92 0.0 0.0 0.0 1.0 0.05341661497935258 0.040633078413884756
970225 0 2 0.266 186.638 0.448601 -45.6631 0.02383891 -102.9663 2.38 -0.4487465 0.003544624 20.31 20.91784 1.555817 [0.3254,-1.2077,0.0,0.0] [0.1005,0.3654,0.0,0.0] [-0.5713,2.2233,0.0,0.0] [27.102,0.0,0.0,0.0] [0.0,0.0,0.0,0.0] [0.0,0.0,0.0,0.0] 843.808105 1352.41858 -22.1063404 18.8152161 0.266000003 1681.73 1365.68 0.0 19212.8 0.0 0.0 0.0 1.0 0.022169945179049678 0.014751799629362492
1144441 0 2 0.282 196.336 0.283141 25.44646 0.04593605 6.253045 2.73 -0.1247166 -0.2711622 20.97 20.65272 1.72153 [-0.8998,0.0485,0.0,0.0] [-0.8576,0.5792,0.0,0.0] [2.7342,-1.3394,0.0,0.0] [0.0,22.157,0.0,0.0] [0.0,0.0,0.0,0.0] [0.0,0.0,0.0,0.0] 879.79718 1445.9679 -22.2512188 18.8315735 0.282000005 1630.75 1328.36 0.0 22688.5 0.0 0.0 0.0 1.0 0.023564364219413773 0.012009237255436445
1188030 0 2 0.286 177.4189 0.1924406 -174.0844 0.03784539 30.64853 0.91 0.39322 -0.1146817 21.33 22.10562 1.184098 [0.9978,-0.1668,0.0,0.0] [-0.1475,0.0665,0.0,0.0] [2.0777,-0.4895,0.0,0.0] [0.0,24.162,0.0,0.0] [0.0,0.0,0.0,0.0] [0.0,0.0,0.0,0.0] 888.5896 1469.5459 -21.9884586 19.1334572 0.286000013 1612.0 1013.72 0.0 5880.74 0.0 0.0 0.0 1.0 0.04613025599759761 0.03958569704227454
1242646 0 2 0.29 291.0717 0.3482625 164.065 0.03450237 -17.08144 1.53 0.6561056 0.02242574 22.65 21.80232 3.730282 [-1.0768,2.6439,0.0,0.0] [-0.5914,-0.3242,0.0,0.0] [-2.3506,2.1831,0.0,0.0] [114.365,0.0,0.0,0.0] [0.0,0.0,0.0,0.0] [0.0,0.0,0.0,0.0] 897.297363 1493.19238 -23.29006 17.8705196 0.289999992 1746.5 1288.98 0.0 11179.2 0.0 0.0 0.0 1.0 0.04543062118196568 0.03051106717959625
1286484 0 4 0.294 201.3724 0.3719293 105.6461 0.02626994 -60.70951 1.56 0.1718481 0.01438684 22.05 20.66481 1.615875 [0.7606,-0.5978,0.3934,0.8117] [-0.7024,-0.1359,0.8712,0.4696] [3.5816,-1.1859,6.5414,-6.2998] [0.0,14.387,2.777,3.174] [0.0,0.0,0.0,0.0] [0.0,0.0,0.0,0.0] 905.936401 1516.93262 -22.3266602 18.8721714 0.294 1747.15 1289.23 0.0 11450.1 0.0 0.0 0.0 1.0 0.039771149702750995 0.012120692568841039
1289376 0 2 0.294 235.5049 0.322425 -66.53558 0.04496523 -166.816 1.55 0.4788102 -0.3343465 22.03 21.78556 2.400929 [1.3962,-0.5793,0.0,0.0] [-1.1225,0.242,0.0,0.0] [2.4575,-1.2525,0.0,0.0] [0.0,61.866,0.0,0.0] [0.0,0.0,0.0,0.0] [0.0,0.0,0.0,0.0] 905.936401 1516.93262 -22.737381 18.4614506 0.294 1746.98 1287.26 0.0 11359.7 0.0 0.0 0.0 1.0 0.03974853045132034 0.03007937542840566
1290240 0 2 0.294 254.683 0.350484 -100.7281 0.02954063 71.16825 1.14 -0.4876552 -0.1183622 19.17 19.47054 2.343481 [-1.3613,0.6814,0.0,0.0] [-1.1252,0.0234,0.0,0.0] [2.9736,-0.7582,0.0,0.0] [0.0,61.331,0.0,0.0] [0.0,0.0,0.0,0.0] [0.0,0.0,0.0,0.0] 905.936401 1516.93262 -22.9427376 18.256094 0.294 1696.68 1148.89 0.0 7770.12 0.0 0.0 0.0 1.0 0.026239134090289842 0.0052303257281825855
1290973 0 2 0.294 299.9163 0.3972412 93.82745 0.06139428 -142.524 1.52 0.5836152 -0.5931081 18.95 19.07543 3.523296 [1.1666,-0.8926,0.0,0.0] [-2.3907,0.4682,0.0,0.0] [2.7089,-0.8909,0.0,0.0] [0.0,139.703,0.0,0.0] [0.0,0.0,0.0,0.0] [0.0,0.0,0.0,0.0] 905.936401 1516.93262 -23.3715782 17.8272533 0.294 1746.23 1281.04 0.0 11089.3 0.0 0.0 0.0 1.0 0.021429062996655618 0.004090474972638844
1368566 0 2 0.302 111.1732 0.3392803 4.602714 0.05503657 -127.1798 1.9 -0.1854654 0.05625648 20.71 21.44919 0.5491586 [-0.4648,0.0768,0.0,0.0] [0.0522,-0.0386,0.0,0.0] [1.9973,-0.5062,0.0,0.0] [0.0,4.66,0.0,0.0] [0.0,0.0,0.0,0.0] [0.0,0.0,0.0,0.0] 922.962646 1564.61011 -20.7743397 20.499691 0.301999986 1735.11 1320.73 0.0 14592.3 0.0 0.0 0.0 1.0 0.02717376631730596 0.02267750603022958
1537990 0 2 0.314 158.8547 0.2049671 46.45747 0.04883352 -50.56471 2.57 0.1026464 -0.1052261 22.25 21.37027 1.170283 [0.4748,-0.3118,0.0,0.0] [-0.5688,0.2977,0.0,0.0] [6.1413,-2.2485,0.0,0.0] [0.0,7.424,0.0,0.0] [0.0,0.0,0.0,0.0] [0.0,0.0,0.0,0.0] 947.933289 1636.69788 -21.7195396 19.6643028 0.31400001 1654.76 1305.85 0.0 21089.8 0.0 0.0 0.0 1.0 0.03160475449341796 0.021245803917780606
1644682 0 2 0.322 140.2814 0.1923751 139.6252 0.05185158 42.93174 0.99 0.05602312 0.09805184 21.63 21.0285 0.7096482 [-0.1212,0.2515,0.0,0.0] [-0.2032,0.4007,0.0,0.0] [-1.7402,4.7466,0.0,0.0] [4.547,0.0,0.0,0.0] [0.0,0.0,0.0,0.0] [0.0,0.0,0.0,0.0] 964.199646 1685.11646 -21.3993797 20.0557709 0.321999997 1647.87 1007.33 0.0 6525.73 0.0 0.0 0.0 1.0 0.046832260989141714 0.016103984396481117
1687416 0 2 0.324 214.783 0.5181105 51.62171 0.1047475 -16.88765 2.28 0.4110112 0.7497944 20.39 21.31291 2.091819 [1.1296,-0.0879,0.0,0.0] [1.4616,-0.2394,0.0,0.0] [1.7943,-0.4274,0.0,0.0] [0.0,81.907,0.0,0.0] [0.0,0.0,0.0,0.0] [0.0,0.0,0.0,0.0] 968.22522 1697.27551 -22.51828 18.9544811 0.324000001 1694.98 1304.15 0.0 18235.3 0.0 0.0 0.0 1.0 0.023062320700085782 0.020267863591577173
1771403 0 2 0.33 189.2344 0.2123787 96.87482 0.08534806 -22.84293 2.38 0.3462124 0.02672906 21.09 21.07437 1.631067 [1.1896,-0.4365,0.0,0.0] [-0.1973,-0.0701,0.0,0.0] [3.2018,-1.0145,0.0,0.0] [0.0,26.63,0.0,0.0] [0.0,0.0,0.0,0.0] [0.0,0.0,0.0,0.0] 980.175171 1733.83203 -22.1905804 19.3344536 0.330000013 1681.73 1296.04 0.0 19212.8 0.0 0.0 0.0 1.0 0.025994970950391896 0.016705236356190298
1772163 0 2 0.33 193.6422 0.4343948 -150.0329 0.08431154 -102.7073 1.61 0.4769766 0.4435882 21.03 21.81789 1.739507 [1.0599,-0.1274,0.0,0.0] [1.1272,-0.1441,0.0,0.0] [1.6307,-0.484,0.0,0.0] [0.0,56.208,0.0,0.0] [0.0,0.0,0.0,0.0] [0.0,0.0,0.0,0.0] 980.175171 1733.83203 -22.2509785 19.2740555 0.330000013 1747.5 1248.02 0.0 11904.1 0.0 0.0 0.0 1.0 0.031746175390586225 0.03091808450481796
1984354 0 2 0.344 181.9701 0.4646226 45.92601 0.03008687 110.816 2.44 0.1459071 -0.2526562 20.45 20.9671 1.339802 [0.0568,-0.2405,0.0,0.0] [-1.0145,0.2919,0.0,0.0] [3.065,-0.6211,0.0,0.0] [0.0,20.933,0.0,0.0] [0.0,0.0,0.0,0.0] [0.0,0.0,0.0,0.0] 1007.44202 1819.77881 -22.0984001 19.5456924 0.344000012 1673.45 1279.85 0.0 19802.9 0.0 0.0 0.0 1.0 0.022508679597097507 0.015337120999515313
2057186 0 4 0.348 266.0725 0.3007675 0.5920601 0.07089359 -106.847 3.15 0.01827239 0.0126729 23.91 21.86078 3.32466 [-1.5542,1.5632,0.2823,-0.5292] [-0.5186,0.6369,-1.5597,1.493] [8.3328,6.9664,-5.8863,-6.6022] [3.388,0.0,11.414,10.275] [0.0,0.0,0.0,0.0] [0.0,0.0,0.0,0.0] 1015.07605 1844.49878 -23.0979977 18.5793934 0.34799999 1565.2 1235.48 0.0 26956.7 0.0 0.0 0.0 1.0 0.03977693471386358 0.03206974799455109
2183984 0 2 0.356 199.5262 0.2948737 73.92076 0.04116741 -10.96989 2.66 0.1483476 0.2957843 22.67 21.55273 1.801347 [-0.3158,0.5278,0.0,0.0] [-0.49,1.1016,0.0,0.0] [-2.8093,2.7984,0.0,0.0] [29.668,0.0,0.0,0.0] [0.0,0.0,0.0,0.0] [0.0,0.0,0.0,0.0] 1030.13586 1894.14771 -22.348999 19.3940716 0.356000006 1641.38 1259.72 0.0 21987.3 0.0 0.0 0.0 1.0 0.033802858681607616 0.024718932378548455
2187285 0 2 0.356 224.9055 0.1943606 153.7311 0.04855564 -130.2995 0.84 -0.2508216 0.2259773 22.31 21.957 1.499353 [0.2919,-0.8492,0.0,0.0] [-0.3142,0.6584,0.0,0.0] [-1.3842,3.1143,0.0,0.0] [37.391,0.0,0.0,0.0] [0.0,0.0,0.0,0.0] [0.0,0.0,0.0,0.0] 1030.13586 1894.14771 -22.6630802 19.0799904 0.356000006 1573.78 814.613 0.0 5328.19 0.0 0.0 0.0 1.0 0.058860372931904735 0.034824067155834325
2188373 0 2 0.356 237.1374 0.2426512 70.57836 0.07783249 151.7169 1.37 0.02680541 0.8024924 19.81 20.72179 2.15558 [-0.0796,0.0055,0.0,0.0] [1.8484,-0.3055,0.0,0.0] [2.2372,-0.4318,0.0,0.0] [0.0,99.43,0.0,0.0] [0.0,0.0,0.0,0.0] [0.0,0.0,0.0,0.0] 1030.13586 1894.14771 -22.802 18.9410706 0.356000006 1736.45 1147.05 0.0 9753.47 0.0 0.0 0.0 1.0 0.027034516903412176 0.01266242564523115
2216792 0 2 0.358 194.0886 0.2236274 6.438396 0.06928128 101.0962 1.49 -0.2730436 -0.08901807 22.25 21.6364 1.44498 [-0.9505,0.4219,0.0,0.0] [-0.2839,0.1683,0.0,0.0] [3.5385,-1.7597,0.0,0.0] [0.0,23.485,0.0,0.0] [0.0,0.0,0.0,0.0] [0.0,0.0,0.0,0.0] 1033.85706 1906.60205 -22.2780209 19.4812794 0.35800001 1745.02 1181.17 0.0 10819.3 0.0 0.0 0.0 1.0 0.0424812560699691 0.026515421571194853
2290510 0 2 0.362 235.5049 0.3952828 4.625137 0.07992992 87.17156 1.2 -0.4261597 -0.341577 21.43 21.42318 2.027835 [-1.2491,0.292,0.0,0.0] [-0.9378,0.3802,0.0,0.0] [2.3488,-1.0063,0.0,0.0] [0.0,69.781,0.0,0.0] [0.0,0.0,0.0,0.0] [0.0,0.0,0.0,0.0] 1041.24011 1931.54626 -22.7883797 19.0031452 0.361999989 1710.57 1065.95 0.0 8279.16 0.0 0.0 0.0 1.0 0.040459688874885644 0.022194245993356367
2358920 0 4 0.366 219.786 0.3498929 147.0513 0.08068887 -73.23944 0.9 -0.100772 -0.07395128 22.01 20.49501 1.504696 [0.1907,-0.5028,-0.7872,0.3929] [-0.8451,-0.6065,0.2985,0.3795] [4.299,-4.5919,4.0364,-1.3569] [1.21,3.067,0.0,15.1] [0.0,0.0,0.0,0.0] [0.0,0.0,0.0,0.0] 1048.56909 1956.58362 -22.6101799 19.2133121 0.365999997 1606.97 853.1 0.0 5801.16 0.0 0.0 0.0 1.0 0.05331757130797572 0.01065964284387938
2359209 0 2 0.366 222.331 0.5346601 5.956113 0.02634438 145.709 1.31 0.2020744 0.3543723 21.01 21.72627 1.65503 [-0.0734,1.1174,0.0,0.0] [-0.4268,0.7226,0.0,0.0] [-0.517,2.2062,0.0,0.0] [49.034,0.0,0.0,0.0] [0.0,0.0,0.0,0.0] [0.0,0.0,0.0,0.0] 1048.56909 1956.58362 -22.640379 19.1831131 0.365999997 1729.39 1109.33 0.0 9228.2 0.0 0.0 0.0 1.0 0.03539301657651833 0.02860427629082655
2453156 0 2 0.372 158.1248 0.05885935 -129.0745 0.02896817 -81.31625 1.36 0.03117615 -0.1503586 22.89 21.94437 0.9703547 [0.0925,-0.0902,0.0,0.0] [-0.6381,0.3149,0.0,0.0] [3.5048,-2.3892,0.0,0.0] [0.0,9.186,0.0,0.0] [0.0,0.0,0.0,0.0] [0.0,0.0,0.0,0.0] 1059.42969 1994.25342 -21.7509575 20.1199436 0.372000009 1735.41 1119.51 0.0 9665.54 0.0 0.0 0.0 1.0 0.05088799797229911 0.03444853682664673
2505401 0 2 0.374 257.0396 0.3187735 -83.21417 0.1088775 100.3675 1.85 -0.3290337 1.136827 18.99 20.07981 3.208649 [-0.663,0.0943,0.0,0.0] [2.8587,-0.2593,0.0,0.0] [1.5512,-0.3665,0.0,0.0] [0.0,214.724,0.0,0.0] [0.0,0.0,0.0,0.0] [0.0,0.0,0.0,0.0] 1063.01648 2006.84351 -23.0268993 18.8596687 0.374000013 1738.76 1226.27 0.0 14123.1 0.0 0.0 0.0 1.0 0.019409319493523244 0.00788240983002335
2693254 0 2 0.384 314.7748 0.2566857 141.9913 0.02011641 -22.1436 1.42 -0.06174349 0.3380114 21.83 20.91773 3.401707 [-0.3789,-1.2825,0.0,0.0] [-1.4093,1.8702,0.0,0.0] [-2.3169,3.5885,0.0,0.0] [92.552,0.0,0.0,0.0] [0.0,0.0,0.0,0.0] [0.0,0.0,0.0,0.0] 1080.71814 2070.06836 -23.5659199 18.3980045 0.384000003 1740.9 1122.84 0.0 10195.4 0.0 0.0 0.0 1.0 0.040031904459436427 0.014750521369158746
2787940 0 2 0.39 148.2518 0.3995244 -102.8442 0.01708546 -81.48505 2.12 -0.05867299 -0.09438769 21.83 20.97118 0.8608857 [-0.2019,0.3328,0.0,0.0] [-0.572,0.1027,0.0,0.0] [2.4353,-2.2056,0.0,0.0] [0.0,6.957,0.0,0.0] [0.0,0.0,0.0,0.0] [0.0,0.0,0.0,0.0] 1091.14551 2108.20215 -21.5953388 20.4142208 0.389999986 1714.19 1228.07 0.0 16686.6 0.0 0.0 0.0 1.0 0.03218084610236885 0.015386773847979797
2809222 0 2 0.39 276.0578 0.2966698 0.9179378 0.03775624 -63.21193 2.23 -0.2218337 0.2739481 22.85 21.95497 3.084666 [0.3774,-1.6715,0.0,0.0] [-1.182,1.1239,0.0,0.0] [-2.2804,3.6115,0.0,0.0] [71.187,0.0,0.0,0.0] [0.0,0.0,0.0,0.0] [0.0,0.0,0.0,0.0] 1091.14551 2108.20215 -23.2261391 18.7834206 0.389999986 1701.2 1231.64 0.0 17748.4 0.0 0.0 0.0 1.0 0.03855847737836684 0.03476341519222213
2848259 0 4 0.392 264.85 0.4294312 -173.3362 0.05320185 -47.27876 3.6 -0.3741676 0.005199708 22.29 20.48469 3.433724 [-2.0868,0.8457,1.3389,0.9291] [0.141,-1.0577,-0.0936,0.8938] [2.4373,-5.2738,12.1117,-6.7338] [0.0,70.085,68.528,69.732] [0.0,0.0,0.0,0.0] [0.0,0.0,0.0,0.0] 1094.58093 2120.92993 -23.1189213 18.9057102 0.39199999 1494.67 1163.44 0.0 31627.2 0.0 0.0 0.0 1.0 0.026626593681879203 0.010577714106218968
2966249 0 2 0.398 235.5049 0.5037598 -79.38288 0.03587755 55.7863 1.61 -0.072116 -0.3871172 22.69 22.06365 2.159923 [-0.0976,0.5473,0.0,0.0] [-1.5853,0.4761,0.0,0.0] [1.9669,-1.7805,0.0,0.0] [0.0,62.661,0.0,0.0] [0.0,0.0,0.0,0.0] [0.0,0.0,0.0,0.0] 1104.83215 2159.28833 -22.8153801 19.2541733 0.398000002 1747.5 1155.71 0.0 11904.1 0.0 0.0 0.0 1.0 0.04454541215357915 0.038174631575387266
3008857 0 2 0.4 275.4229 0.3524669 68.65964 0.08316434 -46.86255 2.16 -0.2566635 -0.07810498 21.33 20.56404 2.681107 [1.2202,-1.0647,0.0,0.0] [0.0229,-1.3798,0.0,0.0] [-2.0248,5.4434,0.0,0.0] [52.658,0.0,0.0,0.0] [0.0,0.0,0.0,0.0] [0.0,0.0,0.0,0.0] 1108.21313 2172.09766 -23.2276001 18.8567963 0.400000006 1709.61 1218.63 0.0 17071.5 0.0 0.0 0.0 1.0 0.02876724598159537 0.011227264197136239
3271032 0 2 0.414 130.3167 0.1831911 -142.2208 0.04481955 90.73703 1.48 -0.04447376 -0.01314166 23.55 22.03587 0.5788731 [-0.2898,0.2579,0.0,0.0] [-0.2168,-0.0294,0.0,0.0] [4.915,-4.0332,0.0,0.0] [0.0,2.162,0.0,0.0] [0.0,0.0,0.0,0.0] [0.0,0.0,0.0,0.0] 1131.45129 2262.21924 -21.2750988 20.9115734 0.414000005 1744.56 1099.45 0.0 10729.7 0.0 0.0 0.0 1.0 0.055591132397519116 0.03727008231275352
3387188 0 2 0.418 264.85 0.2969171 168.5626 0.06101667 74.31916 1.65 0.02818962 -0.2784455 22.31 21.42959 2.61435 [0.4227,0.0127,0.0,0.0] [-1.5497,1.0323,0.0,0.0] [8.5765,-2.2499,0.0,0.0] [0.0,50.503,0.0,0.0] [0.0,0.0,0.0,0.0] [0.0,0.0,0.0,0.0] 1137.96191 2288.1272 -23.1384201 19.0769806 0.418000013 1747.15 1138.24 0.0 12269.4 0.0 0.0 0.0 1.0 0.040673381381946885 0.022312281727505913
3601082 0 2 0.428 197.697 0.2063683 -19.17679 0.06966998 88.19644 1.34 0.01968237 -0.124309 22.47 20.85379 1.391638 [0.2349,0.0515,0.0,0.0] [-0.8091,0.5704,0.0,0.0] [4.6949,-4.4308,0.0,0.0] [0.0,13.78,0.0,0.0] [0.0,0.0,0.0,0.0] [0.0,0.0,0.0,0.0] 1153.96533 2353.14746 -22.3788376 19.9074078 0.428000003 1733.2 1028.98 0.0 9490.31 0.0 0.0 0.0 1.0 0.0470885343890722 0.014028463483029113
4048597 0 2 0.448 138.9953 0.1175128 -93.70476 0.04483033 -97.05993 1.11 -0.06962098 -0.08644804 22.27 21.67489 0.5976745 [-0.1961,0.1412,0.0,0.0] [-0.3728,0.1206,0.0,0.0] [2.844,-1.73,0.0,0.0] [0.0,6.182,0.0,0.0] [0.0,0.0,0.0,0.0] [0.0,0.0,0.0,0.0] 1184.90173 2484.38818 -21.4697208 20.9543762 0.448000014 1688.59 875.443 0.0 7517.77 0.0 0.0 0.0 1.0 0.050122128197092046 0.027389086534934694
4174385 0 2 0.452 241.5461 0.1373231 -136.5814 0.04309086 179.6709 1.98 0.1177726 -0.6543312 20.85 21.46758 2.159614 [0.2161,-0.1044,0.0,0.0] [-1.7066,0.4291,0.0,0.0] [3.3633,-0.5662,0.0,0.0] [0.0,102.2,0.0,0.0] [0.0,0.0,0.0,0.0] [0.0,0.0,0.0,0.0] 1190.92773 2510.83765 -22.9223213 19.5287724 0.451999992 1728.36 1148.08 0.0 15348.5 0.0 0.0 0.0 1.0 0.02734224029752231 0.023026163025062996
